20220318_021533,332,347,18
20220318_021533,569,593,18
20220318_021533,736,754,18
20220318_021533,997,1011,18
20220318_021800,35,60,13
20220318_022003,39,64,18
20220318_022003,172,198,18
20220318_022003,241,254,18
20220318_022003,325,352,18
20220318_022003,386,416,18
20220318_022003,473,503,18
20220318_022003,537,570,18
20220318_022003,696,720,18
20220318_022248,31,61,13
20220318_022248,94,123,13
20220318_022248,191,220,13
20220318_022248,364,404,13
20220318_022248,517,551,13
20220318_022248,578,605,13
20220318_022248,660,690,13
20220318_022248,816,849,13
20220318_022248,1007,1042,13
20220318_022248,1159,1177,13
20220318_022611,88,119,18
20220318_022611,234,259,18
20220318_022611,320,352,18
20220318_022611,378,412,18
20220318_022819,24,55,13
20220318_022819,86,118,13
20220318_022819,193,224,13
20220318_022819,527,545,13
20220318_022819,575,603,13
20220318_022819,739,759,13
20220318_022819,1003,1022,13
20220318_022819,1142,1163,13
20220318_022819,1279,1300,13
20220318_022819,1327,1349,13
20220318_024755,27,61,0
20220318_024755,174,210,0
20220318_024755,424,450,0
20220318_024755,529,558,0
20220318_233431,318,341,15
20220318_233431,439,470,15
20220318_233431,503,530,15
20220318_233431,639,664,15
20220318_233431,816,845,15
20220318_233431,880,914,15
20220318_233431,949,975,15
20220318_233431,1004,1030,15
20220318_233431,1061,1081,15
20220318_233431,1102,1136,15
20220318_233431,1175,1201,15
20220318_233431,1244,1269,15
20220318_233431,1316,1341,15
20220318_233431,1372,1397,15
20220318_233801,63,98,0
20220318_233930,37,67,15
20220318_233930,92,124,15
20220318_233930,219,236,15
20220318_233930,275,297,15
20220318_233930,447,474,15
20220318_234132,22,50,15
20220318_234132,84,113,15
20220318_234132,251,278,15
20220318_234132,415,442,15
20220318_234132,520,556,15
20220318_234132,592,624,15
20220318_234621,44,80,15
20220318_234805,22,55,15
20220318_234954,23,53,15
20220318_234954,97,144,15
20220318_234954,380,402,15
20220318_235150,31,61,0
20220319_001400,30,59,15
20220319_001400,87,112,15
20220319_001400,274,299,15
20220319_001400,341,374,15
20220319_001400,439,465,15
20220319_001400,496,525,15
20220319_001400,694,724,15
20220319_001400,895,908,15
20220319_001400,948,971,15
20220319_001400,1058,1078,15
20220319_001400,1106,1136,15
20220319_001629,30,56,15
20220319_001629,93,119,15
20220319_001629,182,206,15
20220319_001629,234,275,15
20220319_001819,33,62,15
20220319_001819,189,224,15
20220319_002026,94,139,15
20220319_002026,196,225,15
20220319_002203,14,40,15
20220319_002203,72,102,15
20220319_002203,248,278,15
20220319_002203,445,479,15
20220319_002203,632,662,15
20220319_002203,840,872,15
20220319_002203,1090,1121,15
20220319_002203,1273,1304,15
20220319_002203,1346,1384,15
20220319_002203,1513,1543,15
20220319_002203,1570,1605,15
20220319_002203,1678,1707,15
20220319_002203,1739,1766,15
20220319_002933,40,65,15
20220319_002933,95,125,15
20220319_002933,183,206,15
20220319_002933,234,259,15
20220319_002933,329,348,15
20220319_002933,453,478,15
20220319_002933,600,629,15
20220319_002933,745,767,15
20220319_002933,801,821,15
20220319_002933,889,905,15
20220319_002933,1032,1059,15
20220319_002933,1234,1260,15
20220319_002933,1369,1397,15
20220319_002933,1459,1479,15
20220319_002933,1516,1541,15
20220319_002933,1670,1693,15
20220319_002933,1816,1842,15
20220319_002933,1915,1940,15
20220319_002933,2055,2083,15
20220319_002933,2137,2207,15
20220319_002933,2320,2346,15
20220319_002933,2459,2498,15
20220319_002933,2519,2550,15
20220319_002933,2669,2697,15
20220319_002933,2810,2831,15
20220319_002933,2945,2968,15
20220319_002933,3027,3059,15
20220319_002933,3093,3119,15
20220410_024242,92,138,12
20220410_024605,32,62,12
20220410_032149,10,58,12
20220410_033718,15,43,5
20220410_033718,117,155,5
20220410_033718,339,366,5
20220410_033718,384,413,5
20220410_033718,431,460,5
20220410_033718,620,648,5
20220410_033718,728,763,5
20220410_033718,1036,1072,5
20220410_033718,1305,1335,5
20220410_033937,24,51,5
20220410_033937,74,101,5
20220410_033937,122,153,5
20220410_033937,279,312,5
20220410_033937,330,362,5
20220410_033937,380,410,5
20220410_033937,520,555,5
20220410_033937,570,600,5
20220410_033937,619,654,5
20220410_033937,750,780,5
20220410_033937,797,826,5
20220410_033937,845,876,5
20220410_033937,999,1023,5
20220410_033937,1113,1137,5
20220410_033937,1231,1264,5
20220410_033937,1281,1314,5
20220410_033937,1345,1357,5
20220410_033937,1495,1523,5
20220410_033937,1548,1584,5
20220410_033937,1606,1632,5
20220410_033937,1654,1679,5
20220410_040040,15,45,0
20220410_040040,60,95,0
20220410_040040,117,154,0
20220410_040226,20,50,0
20220410_040226,76,114,0
20220410_040226,144,184,0
20220410_040415,21,63,0
20220410_040415,81,111,0
20220410_040415,240,269,0
20220410_040415,288,316,0
20220410_040415,481,510,0
20220410_040415,531,557,0
20220410_040415,578,608,0
20220410_040415,713,740,0
20220410_040415,816,846,0
20220410_040415,941,977,0
20220410_040415,1166,1195,0
20220410_040415,1264,1296,0
20220410_040634,83,112,0
20220410_040634,537,574,0
20220410_040634,596,633,0
20220410_040634,657,688,0
20220410_040634,785,819,0
20220410_040634,889,921,0
20220410_040634,1026,1058,0
20220410_040634,1083,1115,0
20220410_040634,1344,1372,0
20220410_040634,1451,1484,0
20220410_040634,1704,1737,0
20220410_040634,1901,1928,0
20220410_040634,2098,2131,0
20220410_040634,2206,2236,0
20220410_040634,2312,2341,0
20220410_040634,2403,2431,0
20220410_040634,2496,2531,0
20220410_041116,39,73,8
20220410_041116,147,182,8
20220416_151703,323,358,17
20220416_153635,178,207,8
20220416_153933,22,48,0
20220416_153933,109,133,0
20220416_154508,30,57,8
20220416_154508,113,140,8
20220416_154815,57,83,0
20220416_154815,154,182,0
20220416_154815,251,275,0
20220416_154815,386,411,0
20220416_154815,552,578,0
20220416_154815,591,621,0
20220417_022134,28,61,8
20220417_022134,92,131,8
20220417_022134,297,335,8
20220417_022134,581,612,8
20220417_022134,643,681,8
20220417_022354,70,95,8
20220417_022354,124,151,8
20220417_022354,177,204,8
20220417_022354,294,324,8
20220417_022354,352,381,8
20220417_022354,406,435,8
20220417_022354,511,546,8
20220417_022354,555,603,8
20220417_022354,631,667,8
20220417_022548,32,60,8
20220417_022548,299,331,8
20220417_022548,418,451,8
20220417_022817,53,68,8
20220417_022817,168,212,8
20220417_022817,241,294,8
20220417_023134,152,196,8
20220417_023134,222,265,8
20220417_023317,17,53,8
20220417_023458,22,52,8
20220417_023458,71,99,8
20220417_023458,118,158,8
20220417_023458,284,307,8
20220417_023644,12,38,0
20220417_023644,62,91,0
20220417_023644,111,148,0
20220417_023644,240,274,0
20220417_023644,357,384,0
20220417_024007,16,44,6
20220417_024007,143,171,6
20220417_024007,245,275,6
20220417_024223,108,136,0
20220417_024512,118,137,0
20220417_024512,229,252,0
20220417_024512,1199,1221,0
20220417_024914,27,59,5
20220417_024914,82,114,5
20220417_024914,135,163,5
20220417_024914,317,352,5
20220417_024914,376,409,5
20220417_024914,566,601,5
20220417_024914,873,910,5
20220417_024914,986,1022,5
20220417_024914,1121,1158,5
20220417_024914,1179,1212,5
20220417_024914,1234,1271,5
20220417_024914,1360,1395,5
20220417_024914,1419,1451,5
20220417_024914,1474,1499,5
20220417_024914,1584,1614,5
20220417_024914,1637,1664,5
20220417_024914,1687,1712,5
20220510_140155,166,192,0
20220510_140155,876,895,3
20220510_140155,1919,1939,0
20220510_140155,2248,2266,0
20220510_140155,2559,2572,0
20220510_140155,2766,2776,0
20220510_140155,3100,3118,0
20220510_140155,3141,3158,0
20220510_140155,3552,3562,0
20220510_140155,3582,3598,0
20220510_140155,3728,3741,0
20220510_140155,4228,4242,0
20220510_140155,4302,4317,0
20220510_140155,5117,5144,8
20220510_140155,5204,5216,8
20220510_140155,5352,5369,8
20220510_140155,5412,5430,8
20220510_140155,5568,5582,8
20220510_140155,5604,5618,8
20220510_140155,5640,5656,8
20220510_140155,5860,5873,0
20220510_140155,5940,5952,0
20220510_140155,6002,6022,8
20220510_140155,6040,6060,8
20220510_140155,6471,6486,0
20220510_140155,6547,6561,0
20220510_140155,6896,6907,6
20220510_140155,7089,7104,0
20220510_140155,7127,7140,0
20220510_140155,7162,7175,0
20220510_140155,7266,7283,1
20220510_140155,7554,7573,0
20220510_140155,7848,7865,0
20220510_140155,7887,7903,0
20220510_140155,7926,7945,0
20220510_140155,8294,8315,3
20220510_140155,9096,9117,3
20220510_140155,9290,9304,6
20220510_140155,9328,9345,6
20220510_140155,9367,9382,6
20220510_140155,9486,9505,8
20220510_140155,9524,9545,8
20220510_140155,9565,9587,8
20220510_140155,9745,9762,8
20220510_140155,9915,9935,3
20220510_140155,10519,10529,0
20220510_140155,10699,10714,1
20220510_140155,11235,11252,0
20220510_140155,11626,11639,6
20220510_140155,11700,11717,6
20220510_140155,12460,12479,8
20220510_140155,12787,12804,1
20220510_140155,12827,12846,1
20220510_140155,13251,13262,1
20220510_140155,13794,13814,1
20220510_140155,13831,13851,1
20220510_140155,13944,13959,0
20220510_140155,15229,15244,4
20220510_140155,15552,15576,5
20220510_140155,15644,15666,5
20220510_140155,15788,15804,0
20220510_140155,16071,16090,5
20220510_140155,16108,16126,5
20220510_140155,16145,16164,5
20220510_140155,16317,16333,3
20220510_140155,16351,16369,3
20220510_140155,16484,16503,3
20220510_140155,16646,16665,3
20220510_140155,17083,17103,5
20220510_140155,17122,17144,5
20220510_140155,17325,17343,5
20220510_140155,17603,17619,3
20220510_140155,17761,17780,5
20220510_140155,18249,18263,8
20220510_140155,18281,18297,8
20220510_140155,18405,18416,0
20220510_140155,18472,18491,0
20220510_140155,19125,19141,0
20220510_140155,19197,19216,0
20220510_140155,19578,19591,0
20220510_140155,19608,19626,0
20220510_140155,19937,19952,8
20220510_140155,20303,20316,8
20220510_140155,20349,20360,8
20220510_140155,21011,21027,1
20220510_140155,21147,21160,4
20220510_140155,21991,22018,5
20220510_140155,22818,22837,5
20220510_140155,22888,22910,5
20220510_140155,23340,23359,5
20220510_140155,23645,23663,0
20220510_140155,23683,23700,0
20220510_140155,23722,23733,0
20220510_140155,24065,24086,3
20220510_140155,24533,24544,0
20220510_140155,24564,24577,0
20220510_140155,24597,24610,0
20220510_140155,24962,24979,8
20220510_140155,24995,25012,8
20220510_140155,25028,25048,8
20220510_140155,25236,25250,0
20220510_140155,25686,25697,8
20220510_140155,26144,26156,11
20220510_140155,26374,26390,3
20220510_140155,26470,26485,8
20220510_140155,26542,26557,8
20220510_140155,26719,26733,0
20220510_140155,26889,26909,3
20220510_140155,27073,27094,8
20220510_140155,27435,27454,3
20220510_140155,27660,27677,8
20220510_140155,27813,27823,8
20220510_140155,28158,28194,8
20220510_140155,28499,28519,8
20220510_140155,28711,28733,8
20220510_140155,28749,28768,8
20220510_140155,28906,28918,8
20220510_140155,29089,29107,8
20220510_140155,29130,29141,8
20220510_140155,29203,29218,3
20220510_140155,29240,29258,3
20220510_140155,29279,29294,3
20220510_140155,29472,29486,2
20220510_140155,30239,30250,0
20220510_140155,31035,31053,8
20220510_140155,31112,31135,8
20220510_140155,31945,31963,8
20220510_140155,32272,32287,8
20220510_140155,32310,32324,8
20220510_140155,32340,32353,8
20220510_140155,32447,32461,3
20220510_140155,32480,32510,3
20220510_140155,32560,32576,3
20220510_140155,32818,32833,8
20220510_140155,33036,33049,0
20220510_140155,34160,34178,0
20220510_140155,34194,34214,0
20220510_140155,34623,34641,0
20220510_142624,73,93,3
20220510_142624,192,210,8
20220510_142624,799,825,8
20220510_142624,949,967,8
20220510_142624,982,1001,8
20220510_142624,1017,1031,8
20220510_142624,1177,1196,8
20220510_142624,1209,1226,8
20220510_142624,1242,1259,8
20220510_142624,1598,1616,3
20220510_142624,1668,1681,3
20220510_142624,1757,1778,1
20220510_142624,2214,2231,8
20220510_142624,2246,2260,8
20220510_142624,2696,2713,8
20220510_142624,2726,2743,8
20220510_142624,3067,3083,8
20220510_142624,3127,3141,8
20220510_142624,3524,3540,0
20220510_142624,4837,4857,2
20220510_142624,5741,5756,4
20220510_142624,6813,6832,8
20220510_142624,7315,7330,7
20220510_142624,7710,7726,11
20220510_142624,8275,8287,8
20220510_142624,8304,8321,7
20220510_142624,8915,8935,8
20220510_142624,9090,9102,8
20220510_142624,9740,9755,8
20220510_142624,10031,10049,7
20220510_142624,10414,10431,0
20220510_142624,10448,10468,0
20220510_142624,10504,10524,0
20220510_142624,10540,10555,0
20220510_142624,10904,10923,8
20220510_142624,10970,10981,8
20220510_142624,11588,11606,0
20220510_142624,12465,12479,6
20220510_142624,13472,13490,0
20220510_142624,13507,13525,0
20220510_142624,13686,13707,6
20220510_142624,14099,14123,6
20220510_142624,14178,14197,6
20220510_142624,14672,14683,11
20220510_142624,14707,14725,11
20220510_142624,14795,14805,11
20220510_142624,14825,14844,11
20220510_161955,73,102,5
20220510_161955,123,145,5
20220510_161955,168,189,5
20220510_161955,348,375,8
20220510_161955,398,421,8
20220510_161955,446,470,8
20220510_161955,1209,1238,8
20220510_161955,1264,1288,8
20220510_161955,1388,1412,3
20220510_161955,1441,1467,3
20220510_161955,1728,1759,5
20220510_161955,1773,1797,5
20220510_161955,1819,1838,5
20220510_161955,2327,2353,8
20220510_161955,3132,3165,7
20220510_161955,3251,3287,8
20220510_161955,3310,3347,8
20220510_161955,3364,3389,8
20220510_161955,3998,4024,8
20220510_161955,4157,4176,8
20220510_161955,4975,5002,4
20220510_161955,5590,5621,8
20220510_161955,5646,5674,8
20220510_161955,5759,5795,4
20220510_161955,5904,5936,4
20220510_161955,6219,6252,8
20220510_161955,6283,6318,8
20220510_161955,6340,6369,8
20220510_161955,6516,6550,8
20220510_161955,6960,6992,8
20220510_161955,7031,7058,8
20220510_161955,7325,7356,8
20220510_161955,7718,7735,0
20220510_161955,8208,8230,1
20220510_161955,8720,8750,6
20220510_161955,8941,8969,6
20220510_161955,9459,9495,8
20220510_161955,9521,9551,8
20220510_161955,9836,9864,6
20220510_161955,10076,10091,1
20220510_161955,10470,10486,6
20220510_161955,10822,10860,5
20220510_161955,10877,10910,5
20220510_161955,10930,10954,5
20220510_161955,11092,11122,5
20220510_161955,11141,11158,5
20220510_161955,11468,11507,8
20220510_161955,12010,12055,8
20220510_161955,12088,12118,8
20220510_161955,12350,12387,8
20220510_161955,13043,13066,4
20220510_161955,13642,13667,1
20220510_161955,13953,13985,8
20220510_161955,14309,14344,5
20220510_161955,14363,14394,5
20220510_161955,14416,14452,5
20220510_161955,14910,14933,4
20220510_163505,242,269,13
20220510_163505,299,328,13
20220510_163505,553,587,14
20220510_163505,604,629,14
20220510_163505,738,766,13
20220510_163505,787,818,13
20220510_163505,2908,2936,5
20220510_163505,3505,3531,15
20220510_163505,3728,3759,15
20220510_163505,3808,3832,15
20220510_163505,3855,3891,15
20220510_163505,4960,4990,1
20220510_163505,5022,5039,1
20220510_163505,6783,6807,12
20220510_163505,7796,7849,0
20220510_163505,8123,8156,0
20220510_163505,8174,8187,0
20220510_163505,8512,8543,4
20220510_163505,8564,8595,4
20220510_163505,8782,8807,4
20220510_163505,9147,9173,12
20220510_163505,10412,10444,13
20220510_163505,10471,10500,13
20220510_163505,10529,10545,13
20220510_163505,11007,11022,3
20220510_163505,11084,11108,3
20220510_163505,11128,11162,3
20220510_163505,11240,11272,3
20220510_163505,11292,11312,3
20220510_163505,12546,12578,15
20220510_163505,12915,12943,15
20220510_163505,12962,12989,15
20220510_163505,13261,13294,0
20220510_163505,13314,13345,0
20220510_163505,13599,13631,5
20220510_163505,13874,13907,5
20220510_163505,13929,13961,5
20220510_163505,14247,14265,17
20220510_163505,14484,14512,12
20220510_163505,14579,14609,12
20220510_163505,15540,15574,15
20220510_163505,15597,15622,15
20220510_163505,15760,15790,15
20220510_163505,15808,15828,15
20220510_163505,16275,16321,4
20220510_163505,16399,16427,4
20220510_163505,16550,16578,4
20220510_163505,16636,16665,4
20220510_163505,17265,17290,0
20220510_171428,104,114,0
20220510_171428,308,320,0
20220510_171428,588,610,4
20220510_171428,942,979,8
20220510_171428,998,1023,8
20220510_171428,1178,1206,3
20220510_171428,1546,1576,4
20220510_171428,2254,2265,3
20220510_171428,2359,2396,1
20220510_171428,2936,2959,4
20220510_171428,3352,3395,1
20220510_171428,3631,3653,1
20220511_163944,88,112,8
20220511_163944,130,153,8
20220511_163944,295,317,8
20220511_163944,570,582,3
20220511_163944,645,663,3
20220511_163944,824,844,0
20220511_163944,1325,1344,6
20220511_163944,1402,1426,6
20220511_163944,1672,1693,6
20220511_163944,1711,1731,6
20220511_163944,2131,2145,0
20220511_163944,2569,2588,8
20220511_163944,2602,2625,8
20220511_163944,2645,2668,8
20220511_163944,2774,2796,0
20220511_163944,2817,2836,0
20220511_163944,2859,2875,0
20220511_163944,3106,3128,6
20220511_163944,3437,3464,3
20220511_163944,3489,3513,3
20220511_163944,3696,3710,0
20220511_163944,3734,3748,0
20220511_163944,5000,5019,6
20220511_163944,5562,5577,0
20220511_163944,5651,5665,0
20220511_163944,6042,6061,8
20220511_163944,6081,6111,8
20220511_164750,96,119,7
20220511_164750,141,166,8
20220511_164750,189,214,8
20220511_164750,288,311,7
20220511_164750,335,360,7
20220511_164750,385,409,7
20220511_164750,623,646,1
20220511_164750,713,744,1
20220511_164750,1111,1133,8
20220511_164750,1158,1182,8
20220511_164750,1214,1238,8
20220511_164750,1414,1438,8
20220511_164750,1459,1484,8
20220511_164750,1716,1737,3
20220511_164750,1763,1786,3
20220511_164750,1885,1911,8
20220511_164750,1932,1950,8
20220511_164750,1975,1998,8
20220511_164750,2506,2529,8
20220511_164750,2963,2987,8
20220511_164750,3006,3026,8
20220511_164750,3049,3067,8
20220511_164750,3542,3565,8
20220511_164750,4220,4240,8
20220511_164750,4259,4281,8
20220511_164750,4793,4815,8
20220511_164750,5418,5443,8
20220511_164750,5875,5899,8
20220511_164750,5977,6009,8
20220511_164750,6489,6511,8
20220511_164750,7017,7038,8
20220511_164750,7385,7410,8
20220511_165819,84,108,3
20220511_165819,128,155,3
20220511_165819,728,749,8
20220511_165819,1224,1252,0
20220511_165819,1498,1522,3
20220511_165819,1542,1571,3
20220511_165819,2297,2313,3
20220511_165819,2328,2350,3
20220511_165819,2365,2379,3
20220511_185831,49,78,0
20220511_185831,97,121,0
20220511_185831,140,159,0
20220511_185831,890,917,14
20220511_185831,1101,1125,13
20220511_185831,1694,1713,14
20220511_185831,1987,2014,0
20220511_185831,2028,2055,0
20220511_185831,2294,2321,0
20220511_185831,2336,2362,0
20220511_185831,2804,2824,0
20220511_185831,3450,3475,0
20220511_185831,3610,3632,15
20220511_185831,3697,3723,15
20220511_185831,3977,4003,15
20220511_185831,4025,4048,15
20220511_185831,4323,4344,0
20220511_185831,4794,4816,3
20220511_185831,4887,4913,3
20220511_185831,6273,6293,3
20220511_185831,6313,6337,3
20220511_185831,6362,6383,3
20220511_185831,7488,7511,5
20220511_185831,7578,7602,5
20220511_185831,7900,7918,15
20220511_185831,7940,7967,15
20220511_185831,7986,8003,15
20220511_185831,8531,8561,0
20220512_195556,52,76,0
20220512_195556,304,330,3
20220512_195556,350,374,3
20220512_195556,672,706,0
20220512_195556,723,751,0
20220512_195556,1223,1258,4
20220512_195556,1724,1753,0
20220512_195556,2576,2603,12
20220512_195556,3096,3127,0
20220512_195556,3764,3803,4
20220512_195556,4646,4679,3
20220512_195556,5000,5039,18
20220512_195556,5800,5827,13
20220512_195556,5891,5919,13
20220512_195556,6192,6221,5
20220512_195556,6300,6330,5
20220512_195556,7139,7167,17
20220512_195556,7977,8014,0
20220512_195556,8032,8065,0
20220512_195556,8082,8108,0
20220512_195556,8609,8633,3
20220512_195556,8660,8693,3
20220512_195556,8711,8752,3
20220512_195556,9047,9075,12
20220512_195556,9483,9521,3
20220512_195556,10669,10700,0
20220512_195556,11508,11544,3
20220512_195556,11607,11640,3
20220512_212923,67,105,8
20220512_212923,128,165,8
20220512_212923,203,231,8
20220512_212923,503,513,8
20220512_212923,762,785,8
20220512_212923,1287,1335,3
20220512_212923,1704,1733,3
20220512_212923,1821,1845,3
20220512_212923,2529,2551,0
20220512_212923,2593,2618,0
20220512_212923,2993,3022,3
20220512_212923,3812,3844,8
20220512_212923,3863,3896,8
20220512_212923,3913,3942,8
20220512_212923,4154,4184,3
20220512_212923,4210,4242,3
20220512_212923,4268,4303,3
20220512_212923,4579,4600,8
20220512_212923,4655,4676,8
20220512_212923,5472,5502,11
20220512_212923,5529,5557,11
20220512_212923,5588,5621,11
20220512_212923,5903,5926,0
20220512_212923,6278,6298,3
20220512_212923,6319,6346,3
20220512_212923,6597,6621,3
20220512_212923,6713,6732,3
20220512_212923,6903,6924,1
20220512_212923,7848,7860,4
20220512_212923,8162,8191,3
20220512_212923,8214,8250,3
20220512_212923,8273,8319,3
20220512_212923,8469,8497,3
20220512_212923,8526,8552,3
20220512_212923,8582,8608,3
20220512_212923,8901,8930,0
20220512_212923,8953,8978,0
20220512_212923,9935,9962,8
20220512_212923,9980,10009,8
20220512_212923,10034,10063,8
20220512_212923,10850,10876,0
20220512_212923,10894,10921,0
20220512_212923,10939,10965,0
20220512_212923,11299,11327,0
20220512_212923,11345,11376,0
20220512_212923,11929,11961,3
20220512_212923,12269,12297,11
20220512_212923,13151,13179,1
20220512_212923,13261,13284,1
20220512_212923,13570,13593,0
20220515_135653,76,109,6
20220515_135653,728,754,6
20220515_135653,1055,1083,3
20220515_135653,1105,1135,3
20220515_135653,1380,1410,3
20220515_135653,1501,1534,3
20220515_135653,1819,1851,0
20220515_135653,1877,1911,0
20220515_135653,2196,2230,4
20220515_135653,2255,2290,4
20220515_135653,2312,2345,4
20220515_135653,2638,2668,6
20220515_135653,2745,2778,6
20220515_135653,3270,3304,3
20220515_135653,3327,3358,3
20220515_135653,3375,3402,3
20220515_135653,4138,4175,3
20220515_135653,4438,4470,3
20220515_135653,4549,4581,3
20220515_135653,6181,6216,6
20220515_135653,6392,6423,6
20220515_135653,6633,6663,8
20220515_135653,6858,6884,8
20220515_135653,6964,6993,8
20220515_140740,150,178,0
20220515_140740,366,396,5
20220515_140740,416,446,5
20220515_140740,465,492,5
20220515_140740,713,741,5
20220515_140740,812,840,5
20220515_140740,1271,1300,5
20220515_140740,1318,1345,5
20220515_140740,1488,1520,5
20220515_140740,1539,1573,5
20220515_140740,1590,1620,5
20220515_140740,1971,1997,6
20220515_140740,2028,2050,6
20220515_140740,2090,2109,6
20220515_140740,2543,2569,0
20220515_140740,2800,2825,0
20220515_140740,3217,3247,3
20220515_140740,4241,4270,3
20220515_140740,4288,4318,3
20220515_140740,4339,4373,3
20220515_140740,5892,5925,3
20220515_140740,6004,6036,3
20220515_140740,6328,6362,0
20220515_140740,7149,7187,8
20220515_140740,7684,7713,8
20220515_140740,8478,8506,8
20220515_140740,8816,8839,1
20220515_140740,9389,9421,7
20220515_140740,9444,9460,7
20220515_140740,9998,10033,8
20220515_140740,10052,10087,8
20220515_140740,10104,10144,8
20220515_140740,10338,10372,5
20220515_140740,10394,10428,5
20220515_140740,10448,10477,5
20220515_140740,10985,11019,0
20220515_140740,11036,11069,0
20220515_140740,11086,11115,0
20220515_141710,28,63,8
20220515_141710,141,173,8
20220515_141710,359,391,8
20220515_141710,406,443,8
20220515_141710,721,747,3
20220515_141710,837,857,3
20220515_141710,1130,1148,3
20220515_141710,1493,1526,7
20220515_141710,1546,1568,7
20220515_141710,1689,1720,8
20220515_141710,1739,1768,8
20220515_141710,1793,1822,8
20220515_141710,1892,1925,8
20220515_141710,1947,1978,8
20220515_141710,2003,2039,8
20220515_141710,3129,3162,8
20220515_141710,3184,3218,8
20220515_141710,3248,3277,8
20220515_141710,3743,3780,8
20220515_141710,4625,4652,3
20220515_141710,4939,4963,7
20220515_141710,5040,5065,7
20220515_141710,5279,5306,7
20220515_141710,5337,5363,7
20220515_141710,5395,5415,7
20220515_141710,5659,5691,8
20220515_141710,5722,5752,8
20220515_141710,5776,5811,8
20220515_141710,6073,6109,8
20220515_141710,6131,6166,8
20220515_141710,6194,6227,8
20220515_141710,6305,6331,0
20220515_141710,6354,6380,0
20220515_141710,7263,7307,0
20220515_141710,7331,7363,0
20220515_141710,7384,7413,0
20220515_141710,7502,7531,0
20220515_141710,7881,7911,0
20220515_141710,7998,8021,0
20220515_142722,45,73,0
20220515_142722,100,130,6
20220515_142722,159,179,0
20220515_142722,688,716,0
20220515_142722,1015,1043,6
20220515_142722,1447,1473,0
20220515_142722,1893,1918,0
20220515_142722,2631,2662,8
20220515_142722,2682,2710,8
20220515_142722,2733,2770,8
20220515_142722,3122,3150,2
20220515_142722,3546,3572,2
20220515_142722,3645,3671,2
20220515_142722,4008,4033,6
20220515_142722,4347,4374,2
20220515_142722,4400,4436,2
20220515_142722,4849,4884,8
20220515_142722,4954,4980,8
20220515_142722,5149,5181,8
20220515_142722,5205,5241,8
20220515_142722,5294,5327,8
20220515_142722,6093,6133,8
20220515_142722,6156,6189,8
20220515_142722,6848,6871,6
20220515_142722,7315,7339,3
20220515_142722,7951,7985,8
20220515_142722,8240,8276,8
20220515_142722,8293,8320,8
20220515_142722,8340,8368,8
20220515_142722,9032,9070,6
20220515_142722,9099,9133,6
20220515_142722,9311,9346,0
20220515_142722,9420,9439,0
20220515_142722,9805,9829,0
20220515_142722,9855,9881,0
20220515_142722,9912,9930,1
20220515_142722,10464,10488,6
20220515_142722,10571,10589,6
20220515_142722,12033,12061,3
20220515_142722,13870,13893,0
20220515_142722,13922,13943,0
20220515_142722,13973,13997,0
20220515_142722,14575,14608,6
20220515_142722,14630,14661,6
20220515_142722,14680,14711,6
20220515_142722,14888,14914,0
20220515_142722,14940,14962,0
20220515_142722,15168,15197,3
20220515_142722,15217,15244,3
20220515_142722,15497,15521,3
20220515_142722,15607,15630,3
20220515_142722,15662,15676,3
20220515_142722,15883,15913,6
20220515_142722,15953,15987,6
20220515_142722,16024,16059,6
20220515_142722,16166,16198,6
20220515_142722,16562,16586,3
20220515_144826,93,129,8
20220515_144826,149,186,8
20220515_144826,375,410,8
20220515_144826,480,521,8
20220515_144826,726,765,3
20220515_144826,1130,1160,8
20220515_144826,1254,1302,8
20220515_144826,3245,3280,8
20220515_144826,3611,3644,8
20220515_144826,3720,3752,8
20220515_144826,3936,3965,0
20220515_144826,3993,4025,0
20220515_144826,4318,4351,8
20220515_144826,4742,4774,7
20220515_144826,4799,4828,7
20220515_144826,5044,5076,0
20220515_144826,5383,5419,8
20220515_144826,5441,5477,8
20220515_144826,5497,5535,8
20220515_144826,6029,6058,0
20220515_144826,6096,6119,0
20220515_144826,6413,6436,3
20220515_144826,6693,6734,8
20220515_144826,6753,6795,8
20220515_144826,6818,6855,8
20220515_144826,7163,7194,4
20220515_144826,7532,7566,8
20220515_144826,8693,8716,3
20220515_144826,8747,8771,3
20220515_144826,9274,9313,8
20220515_144826,9389,9424,8
20220515_144826,10321,10343,0
20220515_144826,11009,11036,3
20220515_144826,11990,12013,3
20220515_144826,12663,12691,3
20220515_144826,13265,13295,3
20220515_144826,13320,13346,3
20220515_144826,13373,13400,3
20220515_144826,13486,13513,3
20220515_144826,13584,13611,3
20220515_144826,14267,14292,3
20220515_144826,14316,14345,3
20220515_144826,14509,14536,0
20220515_144826,14565,14590,0
20220515_144826,14624,14647,0
20220515_144826,14806,14840,8
20220515_144826,14925,14956,8
20220515_144826,15173,15204,8
20220515_144826,15228,15254,8
20220515_150401,46,81,8
20220515_150401,104,142,8
20220515_150401,162,195,8
20220515_150401,479,513,0
20220515_150401,859,884,0
20220515_150401,1006,1025,0
20220515_150401,1109,1132,0
20220515_150401,1454,1484,0
20220515_150401,2456,2487,6
20220515_150401,2928,2952,6
20220515_150401,3363,3393,0
20220515_150401,3472,3502,0
20220515_150401,3720,3755,0
20220515_150401,3888,3919,8
20220515_150401,4099,4128,8
20220515_150401,4217,4247,8
20220515_150401,4541,4562,3
20220515_150401,4596,4616,3
20220515_150401,4646,4665,3
20220515_150401,5096,5120,3
20220515_150401,5152,5174,3
20220515_150401,5213,5236,3
20220515_150401,6003,6033,8
20220515_150401,6056,6086,8
20220515_150401,6109,6136,8
20220515_150401,6518,6545,8
20220515_150401,6570,6609,8
20220515_150401,7315,7342,3
20220515_150401,7575,7605,3
20220515_150401,7684,7711,3
20220515_150401,7948,7988,8
20220515_150401,8008,8046,8
20220515_150401,8268,8302,8
20220515_150401,8376,8409,8
20220515_150401,8921,8946,3
20220515_150401,8974,8998,3
20220515_150401,9033,9058,3
20220515_150401,9294,9304,11
20220515_150401,9690,9713,3
20220515_150401,9746,9774,3
20220515_150401,10533,10561,11
20220515_150401,11225,11248,0
20220515_150401,11279,11296,0
20220515_150401,11329,11347,0
20220515_150401,11517,11548,8
20220515_150401,11616,11650,8
20220515_150401,12324,12350,1
20220515_150401,12377,12400,1
20220515_150401,12428,12450,1
20220515_150401,12958,13003,8
20220515_150401,13747,13763,0
20220515_150401,14052,14082,0
20220515_150401,14165,14190,0
20220515_150401,14465,14492,0
20220515_150401,14812,14837,3
20220515_150401,15009,15029,3
20220515_150401,15060,15078,3
20220515_150401,15936,15969,8
20220515_150401,16840,16876,8
20220515_150401,16905,16941,8
20220515_150401,17091,17110,8
20220515_150401,17208,17224,8
20220515_150401,17550,17572,3
20220515_150401,18043,18071,8
20220515_150401,18428,18463,8
20220515_150401,18550,18582,8
20220515_150401,19135,19171,8
20220515_150401,19249,19282,8
20220515_153731,49,84,0
20220515_153731,107,138,0
20220515_153731,162,189,0
20220515_153731,342,380,8
20220515_153731,683,703,3
20220515_153731,870,905,0
20220515_153731,1191,1226,8
20220515_153731,1304,1336,8
20220515_153731,2655,2681,11
20220515_153731,3537,3550,3
20220515_153731,3925,3953,3
20220515_153731,3980,4004,3
20220515_153731,4036,4065,3
20220515_153731,5035,5066,8
20220515_153731,5085,5118,8
20220515_153731,6824,6854,8
20220515_153731,7504,7529,3
20220515_153731,7607,7619,3
20220515_153731,8012,8036,0
20220515_153731,8309,8339,8
20220515_153731,8358,8393,8
20220515_153731,8414,8441,8
20220515_153731,9042,9072,0
20220515_153731,9141,9167,0
20220515_153731,9460,9491,8
20220515_153731,9510,9533,8
20220515_153731,9822,9848,3
20220515_153731,9872,9898,3
20220515_153731,9923,9957,3
20220515_153731,10153,10180,0
20220515_153731,10204,10235,0
20220515_153731,10257,10287,0
20220515_153731,10523,10554,8
20220515_153731,10848,10869,3
20220515_153731,10902,10913,3
20220515_153731,11293,11320,0
20220515_153731,11347,11370,0
20220515_153731,11399,11419,0
20220515_153731,11826,11855,0
20220515_160311,48,78,3
20220515_160311,168,191,3
20220515_160311,439,474,8
20220515_160311,492,526,8
20220515_160311,549,579,8
20220515_160311,1190,1212,3
20220515_160311,1560,1590,7
20220515_160311,1615,1647,7
20220515_160311,1977,1988,7
20220515_160311,2175,2204,8
20220515_160311,2284,2315,8
20220515_160311,2732,2761,8
20220515_160311,3084,3112,8
20220515_160311,3200,3215,8
20220515_160311,3607,3632,0
20220515_160311,3706,3729,0
20220515_160311,4181,4214,1
20220515_160311,4231,4267,1
20220515_160311,4955,4988,8
20220515_160311,5010,5043,8
20220515_160311,5065,5091,8
20220515_160311,5676,5703,0
20220515_160311,6059,6094,8
20220515_160311,6112,6146,8
20220515_160311,6768,6790,3
20220515_160311,6876,6897,3
20220515_160311,7102,7131,8
20220515_160311,7159,7186,8
20220515_160311,7208,7237,8
20220515_160311,7596,7626,0
20220515_160311,7697,7722,0
20220515_160311,7959,7989,0
20220515_160311,8444,8461,0
20220515_160311,8784,8811,0
20220515_160311,9251,9273,3
20220515_160311,10153,10184,0
20220515_160311,10499,10528,8
20220515_160311,10547,10576,8
20220515_160311,11143,11173,8
20220515_160311,11242,11270,8
20220515_160311,12976,13007,0
20220515_160311,13027,13055,0
20220515_160311,13078,13107,0
20220516_180148,41,71,0
20220516_180148,106,127,0
20220516_180148,430,442,4
20220516_180148,917,946,8
20220516_180148,983,1014,8
20220516_180148,1155,1180,3
20220516_180148,1214,1243,3
20220516_180148,1798,1818,1
20220516_180148,2127,2147,1
20220516_180148,2442,2458,11
20220516_180148,3024,3040,11
20220516_180148,3350,3375,11
20220516_180148,3558,3593,8
20220516_180148,3955,3981,4
20220516_180148,4028,4054,4
20220516_180148,4322,4362,8
20220516_180148,4385,4424,8
20220516_180148,5131,5150,1
20220516_180148,5836,5857,8
20220516_180148,5897,5923,8
20220516_180148,6216,6248,8
20220516_180148,6604,6634,1
20220516_180148,6659,6688,1
20220516_180148,6723,6748,1
20220516_180148,7169,7196,0
20220516_180148,7566,7598,1
20220516_180148,8210,8234,1
20220516_180148,8342,8365,1
20220516_180148,8573,8596,1
20220516_180148,8978,9001,1
20220516_180148,11106,11123,0
20220516_180148,11159,11178,0
20220516_180148,11213,11230,0
20220516_180148,11920,11937,0
20220516_180148,11966,11988,0
20220516_180148,12019,12039,0
20220516_180148,12857,12879,6
20220516_180148,13479,13505,3
20220516_180148,13532,13559,3
20220516_180148,13588,13613,3
20220516_180148,14101,14123,6
20220516_180148,14151,14179,6
20220516_180148,14212,14239,6
20220516_180148,14612,14638,3
20220516_180148,14667,14694,3
20220516_180148,14727,14757,3
20220516_180148,14876,14906,5
20220516_180148,14993,15025,5
20220516_180148,15266,15305,6
20220516_180148,15573,15603,8
20220516_180148,16102,16127,11
20220516_180148,16201,16224,11
20220516_180148,17035,17061,4
20220516_180148,18786,18817,8
20220516_180148,18906,18928,8
20220516_180148,19507,19534,8
20220516_180148,19567,19589,8
20220516_180148,19760,19799,8
20220516_180148,20149,20170,0
20220516_180148,21168,21189,11
20220516_180148,21225,21238,11
20220516_180148,22308,22322,3
20220516_180148,22729,22766,8
20220516_180148,22787,22822,8
20220516_180148,22838,22869,8
20220516_180148,23088,23103,4
20220516_180148,23142,23152,1
20220516_180148,23610,23632,0
20220516_180148,23977,24000,1
20220516_180148,24078,24107,1
20220516_180148,24406,24432,1
20220516_180148,25265,25293,3
20220516_185500,60,96,5
20220516_185500,172,208,5
20220516_185500,743,779,8
20220516_185500,798,826,8
20220516_185500,962,1002,8
20220516_185500,1018,1048,8
20220516_185500,1066,1092,8
20220516_185500,1767,1791,8
20220516_185500,2044,2078,0
20220516_185500,2102,2132,0
20220516_185500,2171,2201,0
20220516_185500,2453,2481,11
20220516_185500,3207,3236,4
20220516_185500,3321,3349,4
20220516_185500,3374,3401,4
20220516_185500,3765,3796,8
20220516_185500,4645,4676,0
20220516_185500,5018,5047,3
20220516_185500,5084,5108,3
20220516_185500,5145,5166,3
20220516_185500,5599,5619,4
20220516_185500,5900,5920,0
20220516_185500,6687,6719,0
20220516_185500,6746,6777,0
20220516_185500,7440,7465,11
20220516_185500,8831,8852,4
20220516_185500,9743,9768,1
20220516_185500,9854,9869,1
20220516_185500,10191,10214,0
20220516_185500,10306,10326,0
20220516_185500,11398,11418,11
20220516_185500,11491,11514,11
20220516_185500,13112,13139,2
20220516_185500,13216,13235,2
20220516_185500,14049,14083,8
20220516_185500,14109,14140,8
20220516_185500,14163,14193,8
20220516_185500,14583,14603,3
20220516_185500,14633,14648,3
20220516_185500,15156,15185,0
20220516_185500,15205,15233,0
20220516_185500,15254,15280,0
20220516_185500,15564,15583,0
20220516_185500,15669,15689,0
20220516_185500,16089,16111,4
20220516_185500,16601,16632,8
20220516_185500,16697,16723,8
20220516_185500,16995,17022,5
20220516_185500,17101,17125,5
20220516_185500,17257,17291,1
20220516_190814,441,477,0
20220516_190814,730,761,0
20220516_190814,1224,1246,0
20220516_190814,1344,1365,0
20220516_190814,1599,1634,5
20220516_190814,1662,1691,5
20220516_190814,1715,1747,5
20220516_190814,2053,2079,4
20220516_190814,2160,2179,4
20220516_190814,2543,2570,4
20220516_190814,2608,2635,4
20220516_190814,2870,2886,11
20220516_190814,2992,3018,11
20220516_190814,3665,3693,13
20220516_190814,3719,3744,13
20220516_190814,3776,3798,13
20220516_190814,4396,4429,12
20220516_190814,4690,4701,4
20220516_190814,4762,4792,4
20220516_190814,4810,4842,4
20220516_190814,4863,4891,4
20220516_190814,5334,5359,0
20220516_190814,5439,5468,0
20220516_190814,5768,5810,3
20220516_190814,5836,5865,3
20220516_190814,5891,5918,3
20220516_190814,6793,6824,4
20220516_190814,7399,7428,4
20220516_190814,7447,7478,4
20220516_190814,7735,7762,4
20220516_190814,7843,7857,4
20220516_190814,8009,8038,4
20220516_190814,8309,8334,4
20220516_190814,8650,8672,0
20220516_190814,8707,8735,0
20220516_190814,8944,8970,11
20220516_190814,9580,9607,3
20220516_190814,9636,9664,3
20220516_190814,9690,9722,3
20220516_190814,10275,10302,4
20220516_190814,10323,10353,4
20220516_190814,10823,10840,1
20220516_190814,11042,11070,4
20220516_190814,11091,11119,4
20220516_190814,12274,12300,0
20220516_190814,12324,12355,0
20220516_190814,12377,12403,0
20220516_190814,13299,13324,14
20220516_194658,75,104,13
20220516_194658,327,361,0
20220516_194658,598,625,3
20220516_194658,648,674,3
20220516_194658,697,724,3
20220516_194658,1220,1254,3
20220516_194658,1322,1343,3
20220516_194658,2075,2103,12
20220516_194658,2115,2145,12
20220516_194658,2474,2502,0
20220516_194658,2810,2847,13
20220516_194658,3299,3332,16
20220516_194658,3358,3384,0
20220516_194658,3666,3697,15
20220516_194658,4427,4454,18
20220516_194658,4674,4705,13
20220516_194658,5100,5127,0
20220516_194658,5576,5627,3
20220516_194658,5661,5687,3
20220516_194658,6141,6166,18
20220516_194658,7659,7686,12
20220516_194658,8485,8510,3
20220516_194658,9030,9054,12
20220516_194658,9284,9316,3
20220516_194658,9338,9372,3
20220516_194658,9397,9425,3
20220516_194658,9608,9635,3
20220516_194658,9708,9737,3
20220516_194658,9855,9888,16
20220516_194658,10288,10325,3
20220516_194658,10347,10376,3
20220516_194658,10731,10759,0
20220516_194658,10831,10853,16
20220516_194658,11197,11230,15
20220516_194658,11736,11769,16
20220516_194658,11849,11875,16
20220516_194658,12286,12320,3
20220516_194658,12392,12419,3
20220516_194658,13189,13225,3
20220516_194658,13510,13530,13
20220516_194658,14043,14073,15
20220516_194658,14095,14126,15
20220516_194658,15728,15761,3
20220516_194658,15786,15810,3
20220516_194658,16033,16071,3
20220516_194658,16171,16200,3
20220516_200120,99,111,4
20220516_200120,145,160,4
20220516_200120,348,379,11
20220516_200120,2002,2028,3
20220516_200120,2196,2220,14
20220516_200120,2239,2265,14
20220516_200120,2815,2848,3
20220516_200120,2870,2900,3
20220516_200120,3099,3134,3
20220516_200120,3156,3191,3
20220516_200120,3209,3238,3
20220516_200120,3422,3450,3
20220516_200120,3467,3494,3
20220516_200120,3933,3967,15
20220516_200120,4007,4038,15
20220516_200120,4069,4109,15
20220516_200120,4281,4319,15
20220516_200120,4340,4373,15
20220516_200120,4403,4439,15
20220516_200120,4880,4913,15
20220516_200120,5266,5299,12
20220516_200120,5578,5598,15
20220516_200120,5683,5716,15
20220516_200120,6024,6061,15
20220516_200120,6331,6361,14
20220516_200120,6430,6462,14
20220516_200120,6700,6727,12
20220516_200120,6798,6824,12
20220516_200120,7225,7255,15
20220516_200120,7279,7307,15
20220516_200120,7841,7880,14
20220516_200120,7900,7939,14
20220516_200120,8371,8408,15
20220516_200120,8428,8460,15
20220516_200120,8485,8522,15
20220516_200120,8731,8762,12
20220516_200120,8842,8878,12
20220516_200120,9697,9727,12
20220516_200120,9756,9779,12
20220516_200120,10058,10081,13
20220516_200120,10469,10495,3
20220516_200120,10992,11025,14
20220516_200120,11390,11423,16
20220516_200120,11885,11923,14
20220516_200120,12001,12027,14
20220516_200120,12713,12738,3
20220516_200120,13122,13153,3
20220516_200120,13185,13215,3
20220516_200120,13251,13280,3
20220516_200120,13641,13672,16
20220516_200120,14062,14084,15
20220516_200120,14562,14589,14
20220516_200120,14994,15024,12
20220517_181348,95,125,5
20220517_181348,453,484,0
20220517_181348,733,765,14
20220517_181348,1002,1042,18
20220517_181348,1107,1131,18
20220517_181348,1831,1866,18
20220517_181348,2375,2404,18
20220517_181348,2446,2480,18
20220517_181348,2552,2583,18
20220517_181348,3154,3188,15
20220517_181348,3604,3638,0
20220517_181348,5808,5838,0
20220517_181348,6634,6662,15
20220517_181348,6755,6780,15
20220517_181348,7516,7556,15
20220517_181348,7952,7979,15
20220517_181348,8006,8035,15
20220517_181348,8096,8122,15
20220517_181348,9040,9067,15
20220517_181348,9773,9798,13
20220517_181348,10750,10777,16
20220517_181348,13420,13437,13
20220517_181348,13815,13850,12
20220517_181348,14059,14086,15
20220517_181348,14123,14151,15
20220517_181348,14187,14215,15
20220517_181348,15821,15848,4
20220517_181348,15877,15915,4
20220517_181348,16302,16332,10
20220517_181348,16364,16388,10
20220517_181348,16528,16552,7
20220517_181348,17671,17698,4
20220517_181348,17730,17764,4
20220517_181348,18675,18704,3
20220517_181348,19032,19060,3
20220517_181348,19674,19710,13
20220517_181348,20515,20538,13
20220517_181348,20568,20596,13
20220517_181348,20632,20661,13
20220517_181348,21624,21652,4
20220517_181348,21739,21762,4
20220517_181348,22782,22813,5
20220517_181348,22846,22871,5
20220517_181348,23315,23346,10
20220517_181348,23376,23390,10
20220517_181348,24055,24084,0
20220517_181348,24107,24130,0
20220517_181348,24566,24592,16
20220517_181348,24819,24851,5
20220517_181348,24888,24915,5
20220517_181348,25999,26021,17
20220517_184150,109,135,4
20220517_184150,162,189,4
20220517_184150,272,305,4
20220517_184150,334,360,4
20220517_184150,386,413,4
20220517_184150,882,906,18
20220517_184150,1371,1397,0
20220517_184150,1576,1602,0
20220517_184150,2406,2428,13
20220517_184150,2463,2488,13
20220517_184150,2522,2551,13
20220517_184150,2924,2948,4
20220517_184150,4301,4325,13
20220517_184150,4365,4389,13
20220517_184150,4434,4460,13
20220517_184150,4781,4814,5
20220517_184150,4890,4918,5
20220517_184150,5995,6013,17
20220517_184150,6941,6971,5
20220517_184150,7371,7399,5
20220517_184150,7423,7448,5
20220517_184150,7820,7846,4
20220517_184150,8222,8254,4
20220517_184150,8339,8368,4
20220517_184150,8574,8609,0
20220517_184150,9005,9030,3
20220517_184150,9659,9703,5
20220517_184150,10095,10116,13
20220517_184150,10205,10232,13
20220517_184150,10564,10600,15
20220517_184150,10782,10819,15
20220517_184150,10860,10891,15
20220517_184150,11315,11342,4
20220517_184150,11421,11453,4
20220517_184150,11925,11951,13
20220517_184150,11986,12010,13
20220517_184150,12572,12609,4
20220517_184150,12957,12988,0
20220517_184150,13576,13608,0
20220517_184150,15580,15603,13
20220517_184150,17249,17274,0
20220517_184150,18039,18067,15
20220517_184150,18976,19004,0
20220517_184150,19223,19257,4
20220517_184150,19275,19303,4
20220517_184150,19324,19349,4
20220517_184150,20227,20254,15
20220517_184150,20282,20314,15
20220517_184150,20801,20827,0
20220517_192217,48,75,5
20220517_192217,152,179,5
20220517_192217,308,334,8
20220517_192217,356,387,8
20220517_192217,607,646,6
20220517_192217,679,715,6
20220517_192217,941,963,1
20220517_192217,1719,1757,6
20220517_192217,2178,2215,5
20220517_192217,2294,2327,5
20220517_192217,2574,2596,1
20220517_192217,2871,2900,1
20220517_192217,3454,3480,3
20220517_192217,3564,3585,3
20220517_192217,3890,3916,4
20220517_192217,5626,5651,4
20220517_192217,5696,5713,4
20220517_192217,6222,6254,8
20220517_192217,7060,7096,8
20220517_192217,7115,7145,8
20220517_192217,7165,7193,8
20220517_192217,7400,7434,0
20220517_192217,8133,8165,1
20220517_192217,10513,10545,0
20220517_192217,10954,10980,0
20220517_192217,11782,11814,0
20220517_192217,11831,11859,1
20220517_192217,12252,12281,0
20220517_192217,12327,12353,0
20220517_192217,13579,13615,0
20220517_192217,13841,13879,8
20220517_192217,13903,13942,8
20220517_192217,13962,13989,8
20220517_192217,14225,14248,1
20220517_192217,14766,14805,2
20220517_192217,16294,16325,8
20220517_192217,17282,17306,3
20220517_192217,18232,18260,11
20220517_192217,18319,18329,11
20220517_192217,19181,19205,1
20220517_192217,19737,19754,0
20220517_192217,20074,20101,4
20220517_192217,20126,20153,4
20220517_192217,20295,20328,4
20220517_192217,20353,20375,4
20220517_192217,20391,20419,4
20220517_192217,20676,20699,4
20220517_192217,21062,21079,1
20220517_192217,21658,21695,8
20220517_192217,22008,22027,11
20220517_192217,22367,22396,0
20220517_192217,23941,23970,8
20220517_192217,23995,24021,8
20220517_192217,24249,24272,11
20220517_192217,24311,24325,11
20220517_192217,24578,24610,0
20220517_192217,24633,24660,0
20220517_192217,24975,24992,11
20220517_192217,25185,25209,11
20220517_192217,26483,26509,4
20220517_192217,27421,27443,1
20220517_192217,27840,27861,6
20220517_192217,27883,27908,6
20220517_192217,28272,28308,2
20220517_192217,28659,28685,4
20220517_192217,30375,30406,8
20220517_192217,30776,30799,8
20220517_192217,31071,31099,11
20220517_192217,31666,31693,8
20220517_192217,32461,32491,4
20220517_192217,32826,32865,3
20220517_192217,32894,32921,3
20220517_192217,32948,32972,3
20220517_192217,33192,33227,8
20220517_192217,33245,33288,8
20220517_192217,33310,33335,8
20220517_192217,34553,34587,0
20220517_192217,35081,35112,8
20220517_192217,35529,35549,3
20220517_192217,35596,35624,3
20220517_194637,891,934,8
20220517_194637,1185,1217,0
20220517_194637,1238,1264,0
20220517_194637,1289,1310,0
20220517_194637,1766,1791,3
20220517_194637,1807,1835,3
20220517_194637,2824,2855,0
20220517_194637,2941,2979,0
20220517_194637,3099,3129,1
20220517_194637,3468,3490,4
20220517_194637,4076,4104,8
20220517_194637,4152,4175,8
20220517_194637,4879,4913,8
20220517_194637,5088,5120,3
20220517_194637,5138,5167,3
20220517_194637,5400,5431,8
20220517_194637,5451,5479,8
20220517_194637,5738,5773,8
20220517_194637,5790,5823,8
20220517_194637,6428,6460,1
20220517_194637,6477,6506,1
20220517_194637,7081,7106,8
20220517_194637,7126,7154,8
20220517_194637,7285,7313,8
20220517_194637,7331,7357,8
20220517_194637,8457,8486,0
20220517_194637,9222,9254,4
20220517_194637,10001,10032,1
20220517_194637,11011,11043,0
20220517_194637,12101,12131,6
20220517_194637,12783,12804,3
20220517_194637,12824,12850,3
20220517_194637,12981,13013,1
20220517_194637,13031,13058,1
20220517_194637,14075,14095,11
20220517_194637,14766,14796,1
20220517_194637,14831,14858,1
20220517_194637,15291,15310,1
20220517_194637,16601,16632,4
20220517_194637,18233,18259,1
20220517_194637,18817,18860,8
20220517_194637,19048,19083,8
20220517_194637,19111,19145,8
20220517_194637,20121,20144,1
20220517_194637,20706,20735,3
20220517_194637,21582,21605,3
20220517_194637,22034,22055,1
20220517_194637,22639,22676,1
20220517_194637,23465,23496,10
20220517_194637,23563,23602,10
20220517_194637,23758,23789,11
20220517_194637,24108,24139,10
20220517_194637,24264,24298,1
20220517_194637,25603,25626,1
20220517_194637,25654,25676,1
20220517_194637,26177,26217,8
20220517_194637,26496,26519,8
20220517_194637,27389,27425,8
20220517_194637,27439,27465,8
20220517_194637,28203,28237,11
20220517_194637,29368,29401,1
20220517_194637,29483,29516,1
20220517_194637,30070,30094,3
20220517_194637,30121,30140,3
20220517_194637,31376,31412,8
20220517_194637,31684,31707,0
20220517_194637,32948,32970,3
20220517_194637,32995,33013,3
20220517_194637,33394,33411,1
20220517_194637,33742,33760,0
20220519_145604,94,117,3
20220519_145604,529,560,0
20220519_145604,584,617,0
20220519_145604,1428,1444,3
20220519_145604,1918,1941,8
20220519_145604,2372,2397,3
20220519_145604,2562,2592,8
20220519_145604,2618,2644,8
20220519_145604,2673,2708,8
20220519_145604,3304,3336,0
20220519_145604,3417,3443,0
20220519_145604,4696,4716,1
20220519_145604,5740,5766,11
20220519_145604,6009,6037,3
20220519_145604,6067,6095,3
20220519_145604,6262,6294,0
20220519_145604,6316,6343,0
20220519_145604,6376,6406,0
20220519_145604,6692,6717,0
20220519_145604,6802,6818,0
20220519_145604,7236,7262,3
20220519_145604,7336,7367,3
20220519_145604,7893,7927,11
20220519_145604,7963,7994,11
20220519_152051,127,153,8
20220519_152051,360,393,3
20220519_152051,2025,2054,11
20220519_152051,2075,2108,11
20220519_152051,2123,2146,11
20220519_152051,2282,2311,8
20220519_152051,2382,2413,8
20220519_152051,3029,3085,1
20220519_152051,3104,3144,1
20220519_152051,3921,3949,3
20220519_152051,4429,4462,0
20220519_152051,4489,4519,0
20220519_152051,4551,4571,0
20220519_152051,5198,5228,8
20220519_152051,5247,5272,8
20220519_152051,5548,5575,3
20220519_152051,5839,5871,0
20220519_152051,5894,5921,0
20220519_152051,5943,5964,0
20220519_152051,6450,6474,0
20220519_152051,7054,7078,7
20220519_152051,7460,7496,8
20220519_152051,7761,7793,11
20220519_152051,7867,7892,11
20220519_152051,9718,9741,3
20220519_152051,9816,9838,3
20220519_152051,10572,10600,0
20220519_152051,10624,10649,0
20220519_152051,10994,11014,3
20220519_152051,12031,12054,3
20220519_152051,12080,12103,3
20220520_171121,127,145,7
20220520_171121,1344,1361,3
20220520_171121,1752,1789,8
20220520_171121,1808,1838,8
20220520_171121,2149,2175,7
20220520_171121,2504,2543,7
20220520_171121,2565,2596,7
20220520_171121,2923,2963,8
20220520_171121,3041,3074,8
20220520_171121,3513,3545,3
20220520_171121,3571,3601,3
20220520_171743,64,91,3
20220520_171743,115,149,3
20220520_171743,243,270,3
20220520_171743,420,460,8
20220520_171743,479,512,8
20220520_171743,531,569,8
20220520_171743,663,694,8
20220520_171743,723,758,8
20220520_171743,1401,1438,3
20220520_171743,1463,1496,3
20220520_171743,1529,1558,3
20220520_171743,1901,1923,4
20220520_171743,1952,1975,4
20220520_171743,2015,2046,4
20220520_171743,3222,3256,8
20220520_171743,3391,3415,0
20220520_171743,3441,3466,0
20220520_171743,3691,3724,8
20220520_171743,3795,3819,8
20220520_171743,4641,4665,0
20220520_171743,4740,4766,0
20220520_171743,5993,6024,8
20220520_171743,6450,6482,8
20220520_171743,6502,6534,8
20220520_171743,6556,6584,8
20220520_171743,6754,6781,3
20220520_171743,6807,6835,3
20220520_171743,6857,6882,3
20220520_171743,7039,7065,3
20220520_171743,7654,7678,1
20220520_171743,8377,8408,8
20220520_171743,8424,8457,8
20220520_171743,8479,8512,8
20220520_171743,8626,8649,3
20220520_171743,8671,8691,3
20220520_171743,8900,8929,0
20220520_171743,9594,9622,0
20220520_180626,147,173,7
20220520_180626,342,370,7
20220520_181122,42,67,7
20220520_181122,142,168,7
20220520_181122,862,904,6
20220520_181122,984,1015,6
20220520_181122,1328,1356,5
20220520_181122,2075,2108,8
20220520_181122,2127,2155,8
20220520_181122,2173,2209,8
20220520_181122,2612,2641,8
20220520_181122,2667,2703,8
20220520_181122,2724,2757,8
20220520_181122,3250,3276,1
20220520_181122,3870,3902,1
20220520_181122,4963,4975,1
20220520_181122,5283,5314,8
20220520_181122,6321,6350,8
20220520_181122,7739,7759,8
20220520_181122,7852,7868,8
20220520_181122,8280,8293,6
20220520_181122,8550,8576,0
20220520_181122,8653,8677,0
20220520_181122,8908,8934,8
20220520_181122,8954,8984,8
20220520_181122,9000,9029,8
20220520_181122,9302,9329,3
20220520_181122,9354,9381,3
20220520_181122,10050,10076,3
20220520_181122,10101,10123,3
20220520_181122,10154,10179,3
20220520_181122,10304,10334,8
20220520_181122,10401,10426,8
20220520_181122,10790,10818,11
20220520_181122,10843,10869,11
20220520_181122,11876,11899,7
20220520_181122,12522,12551,3
20220520_181122,13354,13373,3
20220520_181122,13404,13431,3
20220520_181122,14004,14026,4
20220520_181122,14340,14351,3
20220520_181122,15856,15877,3
20220520_181122,15911,15925,3
20220520_181122,15963,15981,3
20220520_181122,17908,17947,8
20220520_181122,18114,18148,8
20220520_181122,18233,18268,8
20220520_181122,19232,19268,8
20220520_181122,19347,19373,8
20220520_181122,19551,19564,0
20220520_181122,20141,20152,3
20220520_181122,20678,20713,8
20220520_181122,20740,20773,8
20220520_181122,20790,20816,8
20220520_181122,21099,21130,8
20220520_181122,21202,21227,8
20220520_181122,22482,22510,8
20220520_181122,22893,22926,4
20220520_181122,23773,23794,3
20220520_181122,26244,26260,4
20220520_181122,27375,27395,1
20220520_181122,27414,27442,1
20220520_181122,27706,27727,0
20220520_181122,27763,27786,3
20220520_181122,28119,28137,11
20220520_181122,28374,28406,1
20220520_181122,28780,28791,8
20220520_181122,29183,29197,3
20220520_181122,30946,30971,6
20220520_181122,31535,31559,4
20220520_181122,32501,32520,3
20220520_181122,33524,33545,18
20220520_181122,33575,33602,18
20220520_181122,34915,34935,3
20220520_181122,35028,35041,3
20220520_181122,36534,36558,3
20220520_181122,37442,37470,8
20220520_181122,37496,37524,8
20220520_181122,38703,38723,3
20220520_181122,38760,38774,3
20220520_181122,38815,38830,3
20220520_181122,40047,40083,8
20220520_181122,40769,40792,3
20220520_181122,40872,40888,3
20220520_181122,41746,41776,7
20220520_181122,41855,41882,7
20220520_181122,42082,42099,3
20220520_181122,42200,42217,3
20220520_181122,43019,43033,3
20220520_181122,43935,43965,4
20220520_181122,44179,44205,4
20220520_181122,44238,44265,4
20220520_181122,44587,44604,4
20220520_181122,45049,45086,1
20220520_181122,45210,45239,8
20220520_181122,45933,45954,1
20220520_181122,46240,46265,7
20220520_181122,46298,46313,7
20220520_181122,46627,46655,4
20220520_181122,47008,47032,4
20220520_181122,47064,47080,4
20220520_181122,47116,47138,4
20220520_181122,47622,47652,6
20220520_181122,47670,47700,6
20220520_184204,37,70,8
20220520_184204,146,175,8
20220520_184204,1300,1323,7
20220520_184204,1422,1439,7
20220520_184204,1877,1894,6
20220520_184204,1925,1941,6
20220520_184204,2440,2473,8
20220520_184204,2491,2524,8
20220520_184204,2544,2570,8
20220520_184204,2689,2709,3
20220520_184204,2745,2758,3
20220520_184204,2808,2826,3
20220520_184204,4137,4156,3
20220520_184204,4507,4527,4
20220520_184204,5365,5390,8
20220520_184204,5406,5434,8
20220520_184204,5724,5756,8
20220520_184204,6173,6201,8
20220520_184204,6231,6261,8
20220520_184204,6524,6551,8
20220520_184204,6638,6667,8
20220520_184204,6893,6914,3
20220520_184204,6944,6962,3
20220520_184204,7144,7170,8
20220520_184204,7459,7490,8
20220520_184204,7722,7736,3
20220520_184204,10114,10132,2
20220520_184204,10227,10251,2
20220520_184204,10374,10397,1
20220520_184204,10434,10456,1
20220520_184204,10701,10717,1
20220520_184204,10749,10763,1
20220520_184204,10799,10814,1
20220520_184204,11732,11742,4
20220520_184204,12235,12256,4
20220520_184204,13379,13395,4
20220520_184204,13426,13449,4
20220520_184204,13472,13486,4
20220520_184204,13572,13587,6
20220520_184204,14273,14296,0
20220520_184204,14544,14555,11
20220520_184204,15270,15294,0
20220520_184204,18341,18362,3
20220520_184204,18446,18457,3
20220520_184204,19667,19693,3
20220520_184204,19719,19749,3
20220520_184204,19803,19835,3
20220520_184204,20647,20669,3
20220520_184204,20700,20721,3
20220520_184204,21204,21237,8
20220520_184204,21256,21288,8
20220520_184204,21307,21334,8
20220520_184204,21475,21502,0
20220520_184204,24727,24757,8
20220520_184204,26049,26078,3
20220520_184204,26147,26169,3
20220520_184204,26737,26755,4
20220520_184204,27152,27165,8
20220520_184204,27287,27315,8
20220520_184204,27380,27406,8
20220520_184204,28072,28090,3
20220520_184204,28469,28482,2
20220520_184204,28966,28990,3
20220520_184204,29013,29035,3
20220520_184204,29061,29077,3
20220520_184204,29293,29329,8
20220520_184204,30269,30280,11
20220520_184204,30622,30661,8
20220520_184204,30681,30713,8
20220520_184204,30902,30947,8
20220520_184204,31031,31061,8
20220520_184204,31735,31762,8
20220520_184204,31783,31810,8
20220520_184204,32706,32726,3
20220520_184204,32761,32779,3
20220520_184204,32807,32818,3
20220520_184204,33538,33562,11
20220520_184204,33646,33670,11
20220520_184204,36730,36758,8
20220520_184204,36773,36798,8
20220520_184204,37772,37798,0
20220520_184204,37823,37852,0
20220520_184204,38317,38346,3
20220520_184204,38365,38400,3
20220520_184204,38425,38459,3
20220522_105806,58,86,3
20220522_105806,157,185,3
20220522_105806,340,370,3
20220522_105806,451,476,3
20220522_105806,831,860,3
20220522_105806,889,926,3
20220522_105806,950,982,3
20220522_105806,1149,1173,11
20220522_105806,1261,1293,11
20220522_105806,3012,3040,1
20220522_105806,3377,3398,11
20220522_105806,3426,3448,11
20220522_105806,4098,4127,3
20220522_105806,4157,4188,3
20220522_105806,4210,4241,3
20220522_105806,4876,4909,0
20220522_105806,4975,4997,0
20220522_105806,5292,5331,8
20220522_105806,5349,5381,8
20220522_105806,5398,5439,8
20220522_105806,5638,5661,3
20220522_105806,6291,6321,8
20220522_105806,6488,6527,8
20220522_105806,6545,6586,8
20220522_105806,6608,6639,8
20220522_105806,7142,7175,3
20220522_105806,7197,7234,3
20220522_105806,7260,7290,3
20220522_105806,8358,8380,0
20220522_105806,8421,8445,0
20220522_105806,9485,9505,3
20220522_105806,10076,10097,0
20220522_105806,10687,10717,0
20220522_105806,10743,10778,0
20220522_105806,12171,12200,7
20220522_105806,12735,12758,3
20220522_105806,12791,12814,3
20220522_105806,12845,12867,3
20220522_105806,13289,13319,3
20220522_105806,13357,13387,3
20220522_105806,13563,13593,8
20220522_105806,13668,13698,8
20220522_105806,13960,13995,5
20220522_105806,14016,14047,5
20220522_105806,14077,14105,5
20220522_105806,14281,14305,2
20220522_105806,14711,14745,3
20220522_105806,15266,15297,0
20220522_105806,15367,15395,0
20220522_105806,15999,16033,3
20220522_105806,16054,16080,3
20220522_105806,16108,16131,3
20220522_105806,16471,16504,3
20220522_105806,16990,17023,3
20220522_105806,17696,17720,11
20220522_105806,19127,19151,3
20220522_105806,19484,19502,3
20220522_105806,19584,19601,3
20220522_105806,20331,20343,4
20220522_105806,20425,20444,4
20220522_105806,21315,21342,0
20220522_105806,21648,21668,0
20220522_105806,22056,22088,3
20220522_105806,22109,22141,3
20220522_105806,22164,22194,3
20220522_105806,22583,22605,0
20220522_105806,23569,23601,3
20220522_105806,23624,23658,3
20220522_111840,97,124,0
20220522_111840,146,172,0
20220522_111840,327,358,7
20220522_111840,382,411,7
20220522_111840,437,464,7
20220522_111840,808,831,1
20220522_111840,854,869,1
20220522_111840,1231,1255,8
20220522_111840,1524,1556,8
20220522_111840,1783,1822,3
20220522_111840,1951,1976,3
20220522_111840,2004,2026,3
20220522_111840,2304,2325,3
20220522_111840,2351,2373,3
20220522_111840,2590,2616,8
20220522_111840,3012,3037,2
20220522_111840,3497,3532,8
20220522_111840,4200,4226,1
20220522_111840,4246,4266,1
20220522_111840,5256,5283,11
20220522_111840,5836,5852,3
20220522_111840,5886,5914,3
20220522_111840,5948,5971,3
20220522_111840,6240,6263,1
20220522_111840,6833,6862,7
20220522_111840,6941,6968,7
20220522_111840,7741,7773,8
20220522_111840,9052,9067,7
20220522_111840,10030,10059,8
20220522_111840,10296,10325,3
20220522_111840,10348,10370,3
20220522_113906,36,69,5
20220522_113906,87,120,5
20220522_113906,385,413,0
20220522_113906,674,692,10
20220522_113906,964,1000,0
20220522_113906,1019,1047,0
20220522_113906,1061,1088,0
20220522_113906,1923,1947,5
20220522_113906,1967,1996,5
20220522_113906,2012,2042,5
20220522_113906,2408,2436,5
20220522_113906,3355,3383,12
20220522_113906,4087,4115,12
20220522_113906,4946,4970,5
20220522_113906,5148,5192,0
20220522_113906,5262,5294,0
20220522_113906,7230,7262,4
20220522_113906,7326,7361,4
20220522_113906,8147,8169,4
20220522_113906,8194,8215,4
20220522_113906,8360,8391,0
20220522_113906,8411,8441,0
20220522_113906,9323,9349,18
20220522_113906,9904,9921,4
20220522_113906,9950,9982,4
20220522_113906,10355,10380,12
20220522_113906,10404,10434,12
20220522_113906,10767,10793,0
20220522_113906,11131,11155,13
20220522_113906,11777,11801,12
20220522_113906,11813,11840,12
20220522_113906,11861,11884,12
20220522_113906,12368,12383,18
20220522_113906,12428,12449,18
20220522_113906,12563,12594,0
20220522_113906,12612,12642,0
20220522_113906,12662,12691,0
20220522_113906,14439,14466,5
20220522_113906,14488,14516,5
20220522_113906,14532,14562,5
20220522_113906,14790,14816,0
20220522_113906,15066,15105,0
20220522_113906,15127,15152,0
20220522_113906,15489,15517,0
20220522_113906,15884,15907,18
20220522_113906,16496,16530,0
20220522_113906,16599,16623,0
20220522_113906,17701,17736,0
20220522_113906,18016,18038,0
20220522_113906,18068,18092,0
20220522_113906,18874,18899,4
20220522_113906,18945,18968,11
20220522_113906,19458,19487,13
20220522_113906,19780,19807,12
20220522_113906,20308,20334,0
20220522_113906,20977,21010,0
20220522_113906,21026,21054,0
20220522_113906,21398,21427,13
20220522_113906,21490,21518,13
20220522_113906,22650,22685,0
20220522_113906,22747,22779,0
20220522_113906,23343,23370,4
20220522_113906,23405,23437,4
20220522_113906,24094,24113,4
20220522_113906,24137,24164,4
20220522_113906,25315,25346,4
20220522_113906,25363,25395,4
20220522_113906,25418,25445,4
20220522_113906,25694,25733,5
20220522_115826,357,388,5
20220522_115826,457,485,5
20220522_115826,729,754,13
20220522_115826,783,813,13
20220522_115826,833,867,13
20220522_115826,1094,1121,14
20220522_115826,1141,1169,14
20220522_115826,1598,1621,0
20220522_115826,1975,2008,0
20220522_115826,2026,2061,0
20220522_115826,2079,2112,0
20220522_115826,2498,2520,10
20220522_115826,2552,2579,10
20220522_115826,2796,2824,0
20220522_115826,3607,3637,0
20220522_115826,4027,4057,0
20220522_115826,4608,4635,0
20220522_115826,5077,5103,3
20220522_115826,5449,5471,4
20220522_115826,7044,7078,4
20220522_115826,7098,7130,4
20220522_115826,8017,8054,4
20220522_115826,8392,8421,0
20220522_115826,8801,8830,15
20220522_115826,9135,9163,4
20220522_115826,9179,9203,4
20220522_115826,10003,10024,3
20220522_115826,10064,10084,3
20220522_115826,10119,10131,3
20220522_115826,10889,10909,3
20220522_115826,10938,10956,3
20220522_115826,10979,11004,3
20220522_115826,12415,12443,3
20220522_115826,12472,12492,3
20220522_115826,12517,12540,3
20220522_115826,12829,12868,0
20220522_115826,12929,12949,0
20220522_115826,13176,13203,3
20220522_115826,13225,13254,3
20220522_115826,13276,13301,3
20220522_115826,13625,13647,4
20220522_115826,14673,14701,3
20220522_115826,14720,14749,3
20220522_115826,14943,14976,3
20220522_115826,15266,15297,11
20220522_115826,15693,15714,1
20220522_115826,16096,16125,11
20220522_115826,16195,16213,11
20220522_115826,17005,17022,0
20220522_115826,18931,18965,0
20220522_115826,20001,20035,8
20220522_115826,20096,20123,8
20220522_115826,20405,20431,2
20220522_115826,20825,20856,8
20220522_115826,21246,21282,8
20220522_115826,21348,21382,8
20220522_115826,21906,21933,0
20220522_115826,22322,22353,0
20220522_115826,22378,22404,6
20220522_115826,22580,22621,8
20220522_115826,22978,23010,3
20220522_115826,23605,23627,0
20220522_115826,24082,24113,3
20220522_115826,24136,24161,3
20220522_115826,24184,24209,3
20220522_115826,24529,24560,8
20220522_115826,24587,24611,8
20220522_115826,25300,25324,3
20220522_115826,25402,25424,3
20220522_115826,26458,26471,1
20220522_115826,27124,27156,11
20220522_115826,27227,27255,11
20220522_115826,27825,27847,0
20220522_115826,29244,29270,3
20220522_115826,29656,29682,3
20220522_115826,32170,32204,8
20220522_115826,32399,32432,7
20220522_115826,32506,32532,7
20220522_115826,33985,33995,1
20220522_115826,34529,34565,8
20220522_115826,34580,34607,8
20220522_115826,34634,34655,8
20220522_115826,35774,35799,5
20220522_115826,35819,35848,5
20220522_115826,35886,35908,5
20220522_115826,36517,36542,0
20220522_115826,36889,36914,0
20220522_115826,37654,37677,3
20220523_151718,864,889,13
20220523_151718,961,997,13
20220523_151718,1366,1391,13
20220523_151718,1659,1686,13
20220523_151718,1707,1735,13
20220523_151718,2091,2119,13
20220523_151718,2326,2351,13
20220523_151718,2418,2444,13
20220523_151718,2676,2702,13
20220523_151718,3035,3070,13
20220523_151718,3453,3480,13
20220523_151718,3502,3530,13
20220523_151718,3551,3586,13
20220523_151718,5471,5498,4
20220523_151718,5575,5600,4
20220523_151718,5845,5879,13
20220523_151718,6212,6242,13
20220523_151718,6582,6618,13
20220523_151718,6628,6659,13
20220523_151718,6899,6933,13
20220523_151718,6995,7040,13
20220523_151718,7390,7426,13
20220523_151718,7786,7821,13
20220523_151718,7832,7867,13
20220523_151718,7877,7911,13
20220523_151718,8149,8188,13
20220523_151718,8196,8229,13
20220523_151718,8245,8273,13
20220523_151718,8667,8702,13
20220523_151718,8713,8754,13
20220523_151718,8764,8798,13
20220523_151718,9357,9387,13
20220523_151718,9442,9464,13
20220523_151718,9954,9988,15
20220524_182402,36,66,4
20220524_182402,103,113,4
20220524_182402,262,295,8
20220524_182402,360,386,8
20220524_182402,574,598,0
20220524_182402,616,647,0
20220524_182402,868,895,3
20220524_182402,1118,1148,3
20220524_182402,1342,1369,3
20220524_182402,1392,1404,3
20220524_182402,1728,1766,8
20220524_182402,2328,2359,8
20220524_182402,2380,2408,8
20220524_182402,2426,2443,8
20220524_182402,2634,2665,3
20220524_182402,3110,3140,8
20220524_182402,3717,3748,4
20220524_182402,3815,3845,4
20220524_182402,5845,5871,8
20220524_182402,6158,6181,11
20220524_182402,6210,6224,11
20220524_182402,6599,6610,11
20220524_182402,6644,6661,11
20220524_182402,6693,6720,11
20220524_182402,7046,7069,3
20220524_182402,7092,7116,3
20220524_182402,7135,7165,3
20220524_182402,8454,8478,3
20220524_182402,8493,8519,3
20220524_182402,8544,8571,3
20220524_182402,9135,9162,1
20220524_182402,9265,9294,8
20220524_182402,9364,9389,8
20220524_182402,9690,9712,3
20220524_182402,9776,9793,3
20220524_182402,10022,10053,6
20220524_182402,10342,10373,8
20220524_182402,10557,10578,3
20220524_182402,10603,10625,3
20220524_182402,11800,11814,3
20220524_182402,11842,11860,3
20220524_182402,12556,12581,1
20220524_182402,13167,13190,0
20220524_182402,13928,13943,1
20220524_182402,14384,14421,8
20220524_182402,14697,14736,8
20220524_182402,14752,14789,8
20220524_182402,14797,14832,8
20220524_182402,16616,16647,4
20220524_182402,17048,17087,8
20220524_182402,17143,17191,8
20220524_182402,17544,17591,8
20220524_182402,17646,17675,8
20220524_182402,17831,17853,0
20220524_182402,18605,18639,8
20220524_182402,18657,18703,8
20220524_182402,18828,18859,8
20220524_182402,18876,18906,8
20220524_182402,19795,19816,4
20220524_182402,19872,19897,4
20220524_190521,6,36,8
20220524_190521,55,84,8
20220524_190521,588,612,0
20220524_190521,1299,1310,0
20220524_190521,1944,1957,3
20220524_190521,1991,2009,3
20220524_190521,2690,2721,1
20220524_190521,3201,3223,4
20220524_190521,3252,3281,4
20220524_190521,3304,3327,4
20220524_190521,3856,3886,1
20220524_190521,4085,4117,0
20220524_190521,4144,4168,0
20220524_190521,4193,4219,0
20220524_190521,4414,4434,8
20220524_190521,4826,4840,1
20220524_190521,5968,5999,8
20220524_190521,6016,6046,8
20220524_190521,6068,6091,8
20220524_190521,6517,6546,0
20220524_190521,6563,6590,0
20220524_190521,6747,6768,3
20220524_190521,7681,7714,5
20220524_190521,7779,7804,5
20220524_190521,8082,8108,3
20220524_190521,8129,8150,3
20220524_190521,8538,8552,3
20220524_190521,9235,9262,3
20220524_190521,9346,9374,3
20220524_190521,9592,9616,3
20220524_190521,10583,10599,3
20220524_190521,10630,10654,3
20220524_190521,10710,10734,3
20220524_190521,10875,10894,4
20220524_190521,11191,11204,3
20220524_190521,11405,11432,0
20220524_190521,11684,11712,0
20220524_190521,12105,12123,3
20220524_190521,12156,12173,3
20220524_190521,12206,12233,3
20220524_190521,13016,13035,0
20220524_190521,13488,13509,3
20220524_190521,14145,14160,0
20220524_190521,14277,14300,1
20220524_190521,14616,14628,11
20220524_190521,15053,15068,7
20220524_190521,15240,15272,1
20220524_190521,15536,15558,0
20220524_190521,15625,15643,0
20220524_190521,16491,16517,0
20220524_190521,16535,16562,0
20220524_190521,16586,16614,0
20220524_190521,17302,17332,1
20220524_190521,17350,17383,1
20220524_190521,17400,17437,1
20220524_190521,18403,18426,0
20220524_190521,19522,19548,8
20220524_190521,20510,20527,3
20220524_190521,20887,20912,0
20220524_190521,20930,20956,0
20220524_190521,20974,20998,0
20220524_190521,21185,21210,11
20220524_190521,21234,21258,11
20220524_190521,21280,21301,11
20220524_190521,22283,22302,4
20220524_190521,22331,22342,4
20220524_190521,22372,22387,4
20220524_190521,22592,22617,3
20220524_190521,22645,22667,3
20220524_190521,22689,22712,3
20220524_190521,24367,24388,1
20220524_190521,24413,24437,1
20220524_190521,24777,24792,2
20220524_190521,25539,25560,4
20220524_190521,25580,25599,4
20220524_190521,26010,26033,3
20220524_190521,26272,26297,8
20220524_190521,26314,26341,8
20220524_190521,26361,26384,8
20220524_190521,27040,27070,8
20220524_190521,27094,27126,8
20220524_190521,27913,27926,4
20220524_190521,28787,28804,3
20220524_190521,29325,29338,0
20220524_190521,29596,29619,3
20220524_190521,29651,29668,3
20220526_175405,68,85,3
20220526_175405,1041,1066,0
20220526_175405,1131,1151,0
20220526_175405,1463,1484,8
20220526_175405,1964,2008,1
20220526_175405,2208,2236,4
20220526_175405,2562,2580,4
20220526_175405,3110,3140,8
20220526_175405,3204,3234,8
20220526_175405,4178,4203,0
20220526_175405,4224,4249,0
20220526_175405,4568,4593,3
20220526_175405,5136,5163,0
20220526_175405,5311,5337,0
20220526_175405,5352,5372,0
20220526_175405,5394,5411,0
20220526_175405,5965,5984,6
20220526_175405,6005,6019,6
20220526_175405,6041,6056,6
20220526_175405,6496,6511,11
20220526_175405,6538,6557,11
20220526_175405,6584,6604,11
20220526_192000,360,395,8
20220526_192000,465,488,8
20220526_192000,701,730,0
20220526_192000,758,781,0
20220526_192000,808,832,0
20220526_192000,1439,1459,3
20220526_192000,1542,1555,3
20220526_192000,1732,1759,3
20220526_192000,1790,1815,3
20220526_192000,1836,1862,3
20220526_192000,2083,2114,5
20220526_192000,2528,2561,7
20220526_192000,2758,2796,7
20220526_192000,3078,3102,1
20220526_192000,3682,3709,2
20220526_192000,3747,3768,2
20220526_192000,3958,3988,3
20220526_192000,4112,4136,3
20220526_192000,4276,4309,8
20220526_192000,4332,4361,8
20220526_192000,4383,4409,8
20220526_192000,5332,5367,8
20220526_192000,5440,5467,8
20220526_192000,5990,6020,0
20220526_192000,6048,6073,0
20220526_192000,6414,6442,7
20220526_192000,6514,6543,7
20220526_192000,6882,6914,7
20220526_192000,7234,7265,8
20220526_192000,7468,7498,8
20220526_192000,7728,7760,8
20220526_192000,7784,7814,8
20220526_192000,8046,8083,8
20220526_192000,8105,8140,8
20220526_192000,8362,8393,3
20220526_192000,8478,8507,3
20220526_192000,8947,8968,3
20220526_192000,9336,9360,8
20220526_192000,10027,10060,8
20220526_192000,10133,10161,8
20220526_192000,10438,10471,3
20220526_192000,10495,10530,3
20220526_192000,10935,10962,3
20220526_192000,11415,11439,8
20220526_192000,11846,11869,3
20220526_192000,11900,11924,3
20220526_192000,11947,11966,3
20220526_192000,12407,12431,1
20220526_192000,12597,12621,4
20220526_192000,12976,13006,5
20220526_192000,13073,13097,5
20220526_192000,14225,14244,3
20220526_192000,14822,14841,3
20220526_192000,15266,15297,5
20220526_192000,15316,15343,5
20220526_192000,15356,15381,5
20220526_192000,16638,16669,8
20220526_192000,16688,16712,8
20220526_192000,16726,16749,8
20220526_192000,16889,16911,3
20220526_192000,16937,16957,3
20220526_192000,16979,17004,3
20220526_192000,17326,17351,8
20220526_192000,17363,17385,8
20220526_192000,17403,17424,8
20220526_192000,17630,17668,5
20220526_192000,17690,17714,5
20220526_192000,17750,17779,5
20220526_192000,17794,17818,5
20220526_192000,19844,19865,0
20220526_192000,20587,20611,8
20220526_192000,20629,20653,8
20220526_192000,20945,20971,8
20220526_192000,20986,21008,8
20220526_192000,21024,21043,8
20220526_192000,21404,21429,0
20220526_192000,21689,21712,0
20220526_192000,21934,21959,4
20220526_192000,21982,21999,4
20220526_193546,178,206,3
20220526_193546,432,459,5
20220526_193546,485,520,5
20220526_193546,955,972,0
20220526_193546,1224,1252,8
20220526_193546,1603,1628,8
20220526_193546,2166,2190,8
20220526_193546,2246,2264,8
20220526_193546,2586,2608,0
20220526_193546,2814,2826,2
20220526_193546,3913,3934,0
20220526_193546,4115,4127,2
20220526_193546,4481,4511,8
20220526_193546,4579,4602,8
20220526_193546,4890,4918,5
20220526_193546,4983,5007,5
20220526_193546,5252,5281,0
20220526_193546,5562,5591,5
20220526_193546,5651,5673,5
20220526_193546,5937,5963,3
20220526_193546,5984,6004,3
20220526_193546,6204,6243,1
20220526_193546,6424,6451,8
20220526_193546,6469,6499,8
20220526_193546,6519,6540,8
20220526_193546,7075,7104,8
20220526_193546,7120,7144,8
20220526_193546,7162,7180,8
20220526_193546,7725,7735,2
20220526_193546,7762,7774,2
20220526_193546,7976,8003,5
20220526_193546,8018,8041,5
20220526_193546,8066,8088,5
20220526_193546,8516,8537,2
20220526_193546,8559,8574,2
20220526_193546,8597,8610,2
20220526_193546,8847,8867,4
20220526_193546,8888,8904,4
20220526_193546,9348,9361,4
20220526_193546,9395,9408,4
20220526_193546,9728,9756,8
20220526_193546,9768,9787,8
20220526_193546,10101,10122,4
20220526_193546,10319,10346,4
20220526_193546,11688,11719,8
20220526_193546,12086,12106,3
20220526_193546,12318,12345,3
20220526_193546,12365,12394,3
20220526_193546,13052,13064,11
20220526_193546,13598,13617,8
20220526_193546,13630,13649,8
20220526_193546,14317,14343,0
20220526_193546,14631,14658,8
20220526_193546,14674,14695,8
20220526_193546,14859,14897,8
20220526_193546,14914,14938,8
20220526_193546,14955,14976,8
20220526_193546,15279,15301,3
20220526_193546,15771,15790,8
20220526_193546,16516,16539,8
20220526_193546,16840,16859,3
20220526_193546,16880,16897,3
20220526_193546,17355,17384,8
20220526_193546,17439,17459,8
20220526_193546,17910,17940,8
20220526_193546,17953,17975,8
20220526_193546,18913,18926,11
20220526_193546,19296,19306,3
20220526_193546,19773,19784,4
20220527_164034,85,115,8
20220527_164034,1380,1409,8
20220527_164034,1469,1500,8
20220527_164034,2008,2037,3
20220527_164034,2105,2142,3
20220527_164034,2229,2250,11
20220527_164034,2547,2575,5
20220527_164034,2596,2625,5
20220527_164034,3089,3114,6
20220527_164034,3139,3162,6
20220527_164034,3184,3207,6
20220527_164034,3227,3249,6
20220527_164034,3585,3609,5
20220527_164034,3679,3704,5
20220527_164034,3862,3891,0
20220527_164034,4360,4387,3
20220527_164034,4649,4671,3
20220527_164034,5724,5743,3
20220527_164034,6024,6051,8
20220527_164034,6836,6858,1
20220527_164034,6891,6903,1
20220527_164034,6997,7018,3
20220527_164034,7051,7068,3
20220527_164034,7092,7114,3
20220527_164034,7990,8015,3
20220527_164034,8090,8117,3
20220527_164034,8220,8258,8
20220527_164034,8754,8778,0
20220527_164034,8800,8824,0
20220527_164034,8844,8867,1
20220527_164034,9160,9188,3
20220527_164034,9212,9234,3
20220527_164034,10464,10487,11
20220527_164034,10701,10728,3
20220527_164034,10762,10789,3
20220527_164034,10832,10862,3
20220527_164034,12307,12335,8
20220527_164034,12361,12399,8
20220527_164034,12640,12664,6
20220527_164034,12687,12710,6
20220527_164034,12741,12759,6
20220527_164034,12864,12882,7
20220527_164034,12915,12935,7
20220527_164034,12972,12993,7
20220527_164034,13165,13186,3
20220527_164034,13430,13450,6
20220527_164034,13528,13556,6
20220527_164034,13739,13766,8
20220527_164034,13786,13813,8
20220527_164034,13833,13860,8
20220527_164034,14061,14088,3
20220527_164034,14484,14521,7
20220527_164034,14544,14576,7
20220527_164034,14718,14752,8
20220527_164034,14767,14801,8
20220527_164034,14821,14850,8
20220527_164034,16054,16093,1
20220527_164034,16121,16151,1
20220527_164034,16181,16212,1
20220527_164034,16896,16925,8
20220527_164034,17285,17319,4
20220527_164034,17402,17439,4
20220527_164034,18243,18269,8
20220527_164034,19951,19980,3
20220527_164034,19999,20029,1
20220527_164034,20046,20070,1
20220527_164034,20753,20777,3
20220527_164034,20863,20890,3
20220527_164034,21648,21677,5
20220527_164034,22589,22604,3
20220527_164034,23208,23235,5
20220527_164034,23261,23283,5
20220527_164034,23315,23345,5
20220527_164034,24720,24755,7
20220527_164034,25122,25149,0
20220527_164034,25174,25199,0
20220527_164034,25507,25538,3
20220527_164034,25572,25583,3
20220527_164034,25600,25622,3
20220527_164034,26552,26575,0
20220527_164034,26697,26721,0
20220527_164034,26741,26769,0
20220527_164034,26791,26810,0
20220527_172809,36,61,11
20220527_172809,93,107,11
20220527_172809,139,167,11
20220527_172809,294,322,8
20220527_172809,346,374,8
20220527_172809,397,426,8
20220527_172809,1129,1149,1
20220527_172809,1177,1187,1
20220527_172809,1220,1234,1
20220527_172809,1473,1510,3
20220527_172809,1916,1951,8
20220527_172809,1975,2003,8
20220527_172809,2206,2235,8
20220527_172809,2528,2566,8
20220527_172809,2585,2622,8
20220527_172809,2639,2666,8
20220527_172809,2782,2817,8
20220527_172809,3668,3699,8
20220527_172809,3719,3747,8
20220527_172809,3767,3795,8
20220527_172809,4048,4078,3
20220527_172809,4151,4171,3
20220527_172809,4199,4215,3
20220527_172809,4250,4274,3
20220527_172809,4451,4474,3
20220527_172809,4505,4527,3
20220527_172809,4559,4576,3
20220527_172809,4775,4802,8
20220527_172809,4821,4838,8
20220527_172809,5230,5245,1
20220527_172809,5574,5590,3
20220527_172809,5617,5643,3
20220527_172809,5670,5688,3
20220527_172809,7240,7260,0
20220527_172809,8237,8254,3
20220527_172809,9259,9286,0
20220527_172809,9306,9335,0
20220527_172809,9356,9384,6
20220527_172809,10454,10484,8
20220527_172809,10546,10571,8
20220527_172809,10657,10687,7
20220527_172809,10759,10779,7
20220527_172809,11002,11020,2
20220530_195855,87,116,8
20220530_195855,183,212,8
20220530_195855,408,439,8
20220530_195855,460,493,8
20220530_195855,732,760,8
20220530_195855,780,809,8
20220530_195855,1156,1180,8
20220530_195855,1258,1291,8
20220530_195855,1645,1674,8
20220530_195855,2013,2038,8
20220530_195855,2065,2091,8
20220530_195855,2113,2142,8
20220530_195855,2748,2768,8
20220530_195855,2798,2818,8
20220530_195855,2849,2874,8
20220530_195855,3135,3158,8
20220530_195855,3190,3218,8
20220530_195855,3250,3279,8
20220530_195855,3684,3711,8
20220530_195855,3785,3812,8
20220530_195855,4109,4136,8
20220530_195855,4541,4556,8
20220530_195855,4992,5021,7
20220530_195855,5240,5261,8
20220530_195855,5609,5635,8
20220530_195855,5715,5744,8
20220530_195855,6046,6065,8
20220530_195855,6466,6487,8
20220530_195855,6507,6531,8
20220530_195855,6567,6594,8
20220530_195855,6930,6954,8
20220530_195855,7291,7314,8
20220530_195855,7332,7355,8
20220530_195855,7380,7412,8
20220530_195855,7652,7663,8
20220530_195855,8047,8059,8
20220530_195855,8472,8501,8
20220530_195855,8535,8576,8
20220530_195855,8843,8877,8
20220530_195855,8949,8973,8
20220530_195855,9143,9175,8
20220530_195855,9209,9237,8
20220530_195855,9267,9308,8
20220530_195855,9401,9427,8
20220530_195855,9452,9481,8
20220530_195855,9671,9695,8
20220530_195855,9786,9809,8
20220530_195855,10041,10063,8
20220530_195855,10150,10174,8
20220530_195855,10484,10520,8
20220530_195855,10668,10689,8
20220530_195855,10718,10739,8
20220530_195855,11309,11333,8
20220530_195855,11421,11446,8
20220530_195855,11679,11703,8
20220530_195855,11733,11761,8
20220530_195855,11788,11814,8
20220530_195855,11978,12016,8
20220530_195855,12044,12069,8
20220530_195855,12616,12638,8
20220530_195855,12716,12739,8
20220530_195855,13107,13129,8
20220530_195855,13203,13236,8
20220530_195855,13641,13670,8
20220530_195855,14160,14190,8
20220530_195855,14268,14296,8
20220530_195855,14688,14714,8
20220530_195855,15003,15033,8
20220530_195855,15233,15249,8
20220530_195855,15488,15509,8
20220530_195855,15594,15623,8
20220530_202347,104,128,8
20220530_202347,217,244,8
20220530_202347,486,507,8
20220530_202347,534,555,8
20220530_202347,704,735,8
20220530_202347,761,793,8
20220530_202347,818,845,8
20220530_202347,1044,1069,8
20220530_202347,1116,1145,8
20220530_202347,1663,1681,8
20220530_202347,1990,2018,8
20220530_202347,2040,2064,8
20220530_202347,2099,2125,8
20220530_202347,2707,2733,8
20220530_202347,3168,3193,8
20220530_202347,3420,3444,8
20220530_202347,3739,3769,8
20220530_202347,3789,3820,8
20220530_202347,3904,3927,8
20220530_202347,4130,4155,8
20220530_202347,4229,4249,8
20220530_202347,4442,4468,8
20220530_202347,4549,4578,8
20220530_202347,4819,4841,8
20220530_202347,5015,5041,8
20220530_202347,5340,5386,8
20220530_202347,5642,5667,8
20220530_202347,5766,5789,8
20220530_202347,6307,6336,8
20220530_202347,6645,6669,8
20220530_202347,6962,6985,8
20220530_202347,7005,7032,8
20220530_202347,7303,7338,8
20220530_202347,7372,7408,8
20220530_203058,310,335,8
20220530_203058,619,643,8
20220530_203058,704,722,8
20220530_203058,863,890,8
20220530_203058,1069,1100,8
20220530_203058,1164,1190,8
20220530_203058,1391,1423,8
20220530_203058,1447,1474,8
20220530_203058,1495,1524,8
20220530_203058,1769,1799,8
20220530_203058,1827,1854,8
20220530_203058,2336,2356,8
20220530_203058,2758,2780,7
20220530_203058,3166,3192,8
20220530_203058,3224,3250,8
20220530_203058,3552,3573,8
20220530_203058,3923,3957,8
20220530_203058,4024,4054,8
20220530_203058,4080,4109,8
20220530_203058,4546,4576,8
20220530_203058,4920,4949,8
20220530_203058,5031,5063,8
20220530_203058,5532,5548,8
20220530_203058,5819,5843,8
20220530_203058,5863,5883,8
20220530_203058,6010,6031,8
20220530_203058,6382,6408,8
20220530_203058,7173,7198,8
20220530_203058,7519,7546,8
20220530_203058,7614,7640,8
20220530_203058,7987,8013,8
20220530_203058,8347,8376,8
20220530_203058,8443,8469,8
20220530_203058,8491,8517,8
20220530_203058,8823,8846,8
20220530_203058,8876,8904,8
20220530_203058,8931,8951,8
20220530_203058,9720,9743,8
20220530_203058,10199,10220,8
20220530_203058,10464,10483,8
20220530_203058,11013,11042,8
20220530_203058,11067,11090,8
20220530_203058,11112,11130,8
20220530_203058,11236,11261,8
20220530_203058,11300,11328,8
20220530_203058,11347,11361,8
20220530_203058,11444,11472,8
20220530_203058,11494,11523,8
20220530_203058,11545,11571,8
20220530_203058,11836,11854,8
20220530_203058,11882,11905,8
20220530_203058,12296,12320,8
20220530_203058,12618,12645,8
20220530_203058,12830,12851,8
20220530_203058,12922,12940,8
20220530_203058,13543,13565,8
20220530_203058,13596,13623,8
20220530_203058,14049,14065,8
20220530_203058,14634,14650,1
20220530_203058,14728,14745,1
20220530_203058,15027,15060,8
20220530_203058,15100,15113,8
20220530_203058,15336,15366,8
20220530_203058,15393,15417,8
20220530_203058,15441,15462,8
20220530_203058,16249,16276,8
20220530_203058,16303,16328,8
20220530_203058,16722,16736,8
20220530_203058,17364,17392,8
20220530_203058,17554,17580,8
20220530_203058,17996,18022,8
20220530_203058,18042,18058,8
20220530_203058,18079,18094,8
20220530_203058,18280,18308,8
20220530_203058,18340,18353,8
20220530_203058,18578,18602,8
20220530_203058,18672,18700,8
20220530_203058,18887,18917,8
20220530_203058,18983,19002,8
20220530_204835,453,484,8
20220530_204835,505,537,8
20220530_204835,557,583,8
20220530_204835,908,946,8
20220530_204835,1063,1103,8
20220530_204835,1287,1310,8
20220530_204835,1604,1633,8
20220530_204835,1708,1734,8
20220530_204835,2326,2349,8
20220530_204835,2507,2532,8
20220530_204835,2922,2940,8
20220530_204835,3061,3088,8
20220530_204835,3427,3455,8
20220530_204835,3531,3563,8
20220530_204835,3920,3935,8
20220530_204835,4013,4034,8
20220530_204835,4259,4292,8
20220530_204835,4473,4504,8
20220530_204835,4767,4793,8
20220530_204835,5067,5092,8
20220530_204835,5661,5689,8
20220530_204835,5766,5786,8
20220530_204835,5998,6015,8
20220530_204835,6189,6217,8
20220530_204835,6415,6444,8
20220530_204835,6468,6489,8
20220530_204835,7274,7290,8
20220530_204835,7740,7757,8
20220530_204835,7931,7957,8
20220530_204835,8216,8240,8
20220530_204835,8702,8725,8
20220530_204835,9431,9455,8
20220530_204835,9909,9941,8
20220530_204835,10217,10247,8
20220530_204835,10709,10733,8
20220530_204835,10951,10977,8
20220530_204835,11700,11731,8
20220530_204835,11897,11930,8
20220530_204835,12035,12049,8
20220530_204835,12206,12231,8
20220530_204835,12266,12294,8
20220530_204835,12575,12599,8
20220530_204835,13083,13111,8
20220530_204835,13415,13437,8
20220530_204835,13511,13533,8
20220530_204835,13630,13649,8
20220530_204835,14011,14040,8
20220530_204835,14298,14320,8
20220530_204835,14399,14424,8
20220530_204835,14717,14744,8
20220530_204835,15291,15315,8
20220530_204835,15391,15406,8
20220530_204835,15613,15637,8
20220530_204835,15806,15836,8
20220530_204835,15848,15878,8
20220530_204835,16037,16064,8
20220530_204835,16237,16266,8
20220530_204835,16285,16314,8
20220530_204835,16337,16362,8
20220530_204835,16619,16643,8
20220530_204835,16664,16688,8
20220530_204835,16961,16985,8
20220530_204835,17163,17191,8
20220530_204835,17226,17255,8
20220530_204835,17559,17586,8
20220530_204835,18003,18033,8
20220530_204835,18252,18273,8
20220530_204835,19077,19107,8
20220530_204835,19677,19703,8
20220530_204835,19818,19840,8
20220530_204835,19913,19933,8
20220530_204835,20121,20147,8
20220530_204835,20171,20197,8
20220530_204835,20219,20233,8
20220530_204835,20352,20377,8
20220530_204835,20735,20762,8
20220530_204835,20825,20846,8
20220530_204835,20868,20884,8
20220530_204835,21039,21058,8
20220530_204835,21124,21153,8
20220530_204835,21547,21573,1
20220530_204835,21728,21759,1
20220531_105624,42,90,8
20220531_105624,112,151,8
20220531_105624,174,204,8
20220531_105624,961,990,8
20220531_105624,1302,1329,8
20220531_105624,1407,1436,8
20220531_105624,1457,1486,8
20220531_105624,1634,1663,1
20220531_105624,1725,1748,1
20220531_105624,1773,1800,1
20220531_105624,1937,1970,8
20220531_105624,2268,2296,1
20220531_105624,2377,2405,1
20220531_105624,3448,3476,4
20220531_105624,3545,3564,4
20220531_105624,3845,3873,0
20220531_105624,4023,4054,4
20220531_105624,4125,4153,4
20220531_105624,5075,5103,1
20220531_105624,5123,5155,1
20220531_105624,5175,5202,1
20220531_105624,5669,5693,1
20220531_105624,5715,5739,0
20220531_105624,6078,6093,4
20220531_105624,6118,6141,4
20220531_105624,6165,6194,4
20220531_105624,6212,6241,4
20220531_110519,42,70,0
20220531_110519,469,496,1
20220531_110519,580,610,1
20220531_110519,1159,1186,3
20220531_110519,1205,1227,3
20220531_110519,1509,1534,3
20220531_110519,1604,1630,3
20220531_110519,1834,1862,3
20220531_110519,2150,2180,3
20220531_110519,2839,2861,4
20220531_110519,2881,2905,4
20220531_110519,3107,3130,4
20220531_110519,3155,3175,4
20220531_110519,3193,3215,4
20220531_110519,3977,4005,1
20220531_110519,4031,4053,1
20220531_110519,4078,4104,1
20220531_110519,4332,4353,1
20220531_110519,4715,4748,8
20220531_110519,4767,4800,8
20220531_110519,5091,5118,1
20220531_110519,5136,5162,1
20220531_110519,5201,5228,1
20220531_110519,6068,6084,1
20220531_110519,6940,6971,8
20220531_110519,6993,7020,8
20220531_110519,7231,7245,3
20220531_110519,7519,7545,8
20220531_110519,8544,8566,0
20220531_110519,9197,9229,8
20220531_110519,9758,9795,8
20220531_110519,11265,11276,1
20220531_110519,11650,11684,1
20220531_110519,11847,11868,4
20220531_110519,11887,11913,4
20220531_110519,12113,12135,1
20220531_110519,12622,12639,4
20220531_110519,12657,12684,4
20220531_110519,12708,12724,4
20220601_175211,1014,1039,13
20220601_175211,1482,1514,3
20220601_175211,1575,1605,3
20220601_175211,1671,1697,3
20220601_175211,1772,1798,3
20220601_175211,2421,2449,3
20220601_175211,2473,2499,3
20220601_175211,2655,2678,3
20220601_175211,2698,2728,3
20220601_175211,2752,2785,3
20220601_175211,4706,4733,12
20220601_175211,5345,5376,4
20220601_175211,5944,5971,3
20220601_175211,5994,6023,3
20220601_175211,6046,6076,3
20220601_175211,6424,6456,13
20220601_175211,7343,7366,13
20220601_175211,7793,7821,13
20220601_175211,7842,7871,13
20220601_175211,7897,7917,13
20220601_175211,8776,8806,12
20220601_175211,9194,9225,15
20220601_175211,9299,9324,15
20220601_175211,10281,10308,13
20220601_175211,10856,10879,3
20220601_175211,10908,10934,3
20220601_175211,11647,11673,4
20220601_175211,11695,11720,4
20220601_175211,11748,11769,4
20220601_175211,11900,11925,1
20220601_175211,11951,11980,1
20220601_175211,12003,12035,1
20220601_175211,14483,14509,3
20220601_175211,14825,14848,3
20220601_175211,14869,14893,3
20220601_175211,14919,14949,3
20220601_175211,15606,15632,18
20220601_175211,15915,15947,3
20220601_175211,15966,15995,3
20220601_175211,16020,16050,3
20220601_175211,16560,16594,13
20220601_175211,16612,16638,13
20220601_175211,16975,16997,3
20220601_175211,17023,17045,3
20220601_175211,17283,17308,4
20220601_175211,17599,17628,3
20220601_175211,17647,17675,3
20220601_175211,18306,18335,12
20220601_175211,19650,19674,14
20220601_175211,19697,19723,14
20220601_175211,19742,19766,14
20220601_175211,20436,20449,3
20220601_175211,20733,20758,14
20220601_175211,20777,20809,14
20220601_175211,20833,20857,14
20220601_175211,21131,21159,15
20220601_175211,21184,21211,15
20220601_175211,21229,21257,15
20220601_175211,21416,21436,18
20220601_175211,21792,21819,14
20220601_175211,22199,22230,12
20220601_175211,23186,23212,3
20220601_175211,23234,23267,3
20220601_175211,25744,25770,12
20220601_175211,25794,25818,3
20220601_175211,26668,26694,15
20220601_175211,26722,26754,15
20220601_175211,27420,27450,14
20220601_175211,28684,28701,18
20220601_175211,29212,29244,3
20220601_175211,29305,29333,3
20220601_175211,29749,29770,3
20220601_175211,30000,30024,14
20220601_175211,30044,30068,14
20220601_175211,30333,30360,12
20220601_175211,30425,30442,12
20220601_175211,30908,30930,3
20220601_175211,31160,31189,18
20220601_175211,31219,31247,18
20220601_175211,31742,31762,18
20220601_175211,31786,31810,18
20220601_175211,31839,31860,18
20220601_175211,32238,32261,14
20220605_193354,84,109,15
20220605_193354,393,408,18
20220605_193354,481,507,18
20220605_193354,1171,1197,14
20220605_193354,1340,1366,12
20220605_193354,1872,1892,14
20220605_193354,2383,2401,13
20220605_193354,2818,2842,4
20220605_193354,2859,2876,4
20220605_193354,2972,2992,4
20220605_193354,3050,3083,4
20220605_193354,3185,3211,14
20220605_193354,3228,3256,14
20220605_193354,3530,3561,3
20220605_193354,3575,3602,3
20220605_193354,3617,3637,3
20220605_193354,4135,4166,3
20220605_193354,4187,4217,3
20220605_193354,4242,4265,3
20220605_193354,4401,4432,3
20220605_193354,4451,4477,3
20220605_193354,4493,4525,3
20220605_193354,4724,4740,13
20220605_193354,4831,4853,13
20220605_193354,5054,5089,15
20220605_193354,5107,5132,15
20220605_193354,5306,5341,0
20220605_193354,5356,5386,0
20220605_193354,5404,5429,0
20220605_193354,5798,5812,16
20220605_193354,5883,5905,16
20220605_193354,6066,6093,15
20220605_193354,6112,6141,15
20220605_193354,6164,6192,15
20220605_193354,6378,6402,4
20220605_193354,6421,6443,4
20220605_193354,6463,6485,4
20220605_193354,7738,7761,15
20220605_193354,7778,7806,16
20220605_193354,7950,7981,0
20220605_193354,8000,8029,0
20220605_193354,8043,8068,0
20220605_193354,8188,8213,3
20220605_193354,8288,8310,3
20220605_193354,8434,8450,4
20220605_193354,8997,9023,13
20220605_193354,9786,9808,3
20220605_193354,9962,9990,4
20220605_193354,10007,10028,4
20220605_193354,10489,10513,12
20220605_193354,10533,10560,12
20220605_193354,10841,10863,3
20220605_193354,11062,11091,15
20220605_193354,11192,11212,15
20220605_193354,11235,11253,15
20220605_193354,12034,12058,0
20220605_193354,12763,12792,0
20220605_193354,12811,12836,0
20220605_193354,13091,13115,13
20220605_193354,13142,13164,13
20220605_193354,13188,13214,13
20220605_193354,13611,13641,13
20220605_193354,13661,13683,13
20220605_193354,14011,14033,13
20220605_193354,14057,14080,13
20220605_193354,14102,14124,13
20220605_193354,14622,14654,13
20220605_193354,14676,14702,13
20220605_193354,14723,14749,13
20220605_193354,15244,15269,13
20220605_193354,15624,15649,12
20220605_193354,15951,15979,3
20220605_193354,15996,16028,3
20220605_193354,16043,16065,3
20220605_193354,16396,16421,0
20220605_193354,17007,17031,0
20220605_193354,17471,17492,4
20220605_193354,17765,17794,1
20220605_193354,18188,18221,3
20220605_193354,18236,18262,3
20220605_193354,18482,18505,4
20220605_193354,18528,18547,4
20220605_193354,18730,18762,4
20220605_193354,19050,19064,1
20220605_193354,19233,19259,4
20220605_193354,19278,19308,4
20220605_193354,19323,19343,4
20220605_193354,19985,20000,17
20220605_194816,122,142,14
20220605_194816,769,794,3
20220605_194816,1301,1332,0
20220605_194816,1399,1426,0
20220605_194816,1855,1882,3
20220605_194816,1902,1927,3
20220605_194816,1947,1972,3
20220605_194816,2226,2244,1
20220605_194816,2377,2407,3
20220605_194816,2471,2492,3
20220605_194816,3024,3066,4
20220605_194816,3156,3184,4
20220605_194816,4282,4309,0
20220605_194816,4377,4415,0
20220605_194816,4586,4616,13
20220605_194816,5465,5494,0
20220605_194816,5559,5590,0
20220605_194816,6134,6155,13
20220605_194816,6183,6206,13
20220605_194816,6232,6256,13
20220605_194816,6700,6729,0
20220605_194816,6792,6816,0
20220605_194816,7369,7397,0
20220605_194816,7778,7807,3
20220605_194816,7833,7858,3
20220605_194816,7908,7936,3
20220605_194816,8172,8194,3
20220605_194816,8228,8241,3
20220605_194816,8515,8538,3
20220605_194816,8586,8616,3
20220605_194816,8783,8807,3
20220605_194816,9111,9151,3
20220605_194816,9172,9206,3
20220605_194816,9228,9258,3
20220605_194816,9426,9454,3
20220605_194816,9479,9514,3
20220605_194816,9531,9565,3
20220605_202055,65,94,0
20220605_202055,787,860,13
20220605_202055,876,914,13
20220605_202055,2198,2231,14
20220605_202055,2242,2272,14
20220605_202055,3041,3057,4
20220605_202055,3081,3096,4
20220605_202055,3403,3431,14
20220605_202055,3624,3654,16
20220605_202055,3982,4011,15
20220605_202055,4204,4235,3
20220605_202055,4254,4280,3
20220605_202055,4412,4444,4
20220605_202055,4661,4679,4
20220605_202055,5040,5071,3
20220605_202055,5136,5162,3
20220605_202055,5762,5789,4
20220605_202055,5809,5826,4
20220605_202055,6048,6080,3
20220605_202055,6099,6131,3
20220605_202055,6144,6179,3
20220605_202055,6620,6656,13
20220605_202055,6667,6697,13
20220605_202055,7102,7132,3
20220605_202055,7209,7240,3
20220605_202055,7520,7540,4
20220605_202055,7563,7580,4
20220605_202055,8235,8269,4
20220605_202055,8291,8327,4
20220605_202055,8346,8389,4
20220605_202055,9130,9153,14
20220605_202055,9991,10023,0
20220605_202055,10168,10196,2
20220605_202055,10807,10832,5
20220605_202055,10912,10938,5
20220605_202055,11062,11087,2
20220605_202055,11699,11718,4
20220605_202055,12490,12524,16
20220605_202055,12538,12560,16
20220605_202055,13697,13725,14
20220605_202055,14011,14038,15
20220605_202055,14619,14653,3
20220605_202055,14668,14696,3
20220605_202055,15185,15223,15
20220605_202055,18442,18465,18
20220605_202055,18483,18502,18
20220605_202055,20578,20604,3
20220605_202055,20619,20647,3
20220605_202055,23226,23241,4
20220605_202055,24861,24888,14
20220605_202055,25070,25093,4
20220605_202055,26605,26632,14
20220605_202055,27559,27578,12
20220605_202055,29386,29409,3
20220605_202055,29471,29482,3
20220605_202055,30518,30534,12
20220605_202055,31188,31210,15
20220605_202055,31225,31251,15
20220605_202055,31266,31281,15
20220605_202055,31828,31850,3
20220605_202055,31872,31899,3
20220605_202055,31921,31940,3
20220605_202055,32398,32421,4
20220605_202055,32439,32462,4
20220605_202055,32486,32510,4
20220605_202055,32679,32705,2
20220605_202055,33021,33043,4
20220605_202055,33075,33088,4
20220605_202055,33453,33475,4
20220605_202055,33627,33651,4
20220605_202055,33676,33694,4
20220605_202055,33717,33737,4
20220607_133934,60,78,1
20220607_133934,96,126,1
20220607_133934,353,385,8
20220607_133934,401,427,8
20220607_133934,619,649,4
20220607_133934,877,905,8
20220607_133934,926,951,8
20220607_133934,1215,1240,1
20220607_133934,1476,1500,8
20220607_133934,1519,1552,8
20220607_133934,1577,1608,8
20220607_133934,1768,1790,1
20220607_133934,2355,2372,2
20220607_133934,2428,2448,2
20220607_133934,2705,2723,3
20220607_133934,2739,2768,3
20220607_133934,2787,2813,3
20220607_133934,3025,3046,3
20220607_133934,3080,3092,3
20220607_133934,3123,3134,3
20220607_133934,3314,3343,3
20220607_133934,3364,3389,3
20220607_133934,4294,4307,3
20220607_133934,4377,4398,3
20220607_133934,5066,5088,3
20220607_133934,5161,5185,3
20220607_133934,5606,5630,3
20220607_133934,6050,6080,3
20220607_133934,6114,6127,3
20220607_133934,6160,6181,3
20220607_133934,6341,6361,11
20220607_133934,6384,6403,11
20220607_133934,6607,6630,1
20220607_133934,6697,6716,1
20220607_133934,6795,6812,4
20220607_133934,6895,6917,4
20220607_133934,7496,7509,3
20220607_133934,7535,7555,3
20220607_133934,7704,7731,1
20220607_133934,7759,7790,1
20220607_133934,7808,7833,1
20220607_133934,8040,8056,11
20220607_133934,8508,8531,3
20220607_133934,8605,8622,3
20220607_133934,9817,9842,5
20220607_133934,9858,9877,6
20220607_133934,10258,10279,1
20220607_133934,10579,10603,5
20220607_133934,11284,11316,8
20220607_133934,11381,11408,8
20220607_133934,12425,12443,4
20220607_133934,13414,13450,8
20220607_133934,13652,13680,1
20220607_133934,13700,13725,1
20220607_133934,15106,15134,8
20220607_133934,15155,15182,8
20220607_133934,15200,15225,8
20220607_133934,15380,15396,3
20220607_133934,15425,15444,3
20220607_133934,15477,15492,3
20220607_133934,16293,16321,8
20220607_133934,16348,16372,8
20220607_133934,16839,16859,4
20220607_133934,16926,16952,4
20220607_133934,17742,17762,0
20220607_133934,17784,17804,0
20220607_133934,18033,18056,3
20220607_133934,18081,18103,3
20220607_133934,18129,18153,3